TotalCharges,MultipleLines,InternetService,OnlineSecurity,OnlineBackup,DeviceProtection,TechSupport,StreamingTV,StreamingMovies,Contract,PaymentMethod
0.613008451467985,0.0,1.0,1.0,1.0,1.0,1.0,1.0,1.0,0.0,0.6666666666666666
0.3449159575668395,0.5,0.0,0.5,0.0,0.5,0.5,0.5,0.5,0.5,0.6666666666666666
0.4069622998695084,0.0,0.5,0.5,0.5,0.5,0.5,0.5,0.5,0.5,0.6666666666666666
0.45688515999258666,0.0,0.0,0.5,0.0,0.0,0.5,0.0,0.0,0.5,1.0
0.45046124408544425,0.0,1.0,1.0,1.0,1.0,1.0,1.0,1.0,1.0,0.0
0.8364626415470281,0.5,0.5,0.5,0.0,0.0,0.0,0.0,0.0,0.0,0.6666666666666666
0.2583371835191506,0.0,0.5,0.5,0.0,0.5,0.5,0.0,0.0,0.5,0.6666666666666666
0.752069561464287,0.0,0.5,0.0,0.0,0.5,0.5,0.5,0.0,0.5,0.6666666666666666
0.6899594540712359,0.0,0.5,0.0,0.0,0.5,0.5,0.5,0.5,0.5,0.0
0.5724663240227519,0.5,0.5,0.5,0.0,0.5,0.5,0.5,0.0,0.5,0.6666666666666666
0.5715891621736046,0.0,1.0,1.0,1.0,1.0,1.0,1.0,1.0,1.0,0.3333333333333333
0.4023017071892932,0.0,0.0,0.5,0.0,0.5,0.5,0.5,0.5,0.5,1.0
0.1823729217376443,1.0,0.0,0.5,0.5,0.5,0.5,0.5,0.5,0.5,1.0
0.21370432365031145,0.5,0.0,0.5,0.0,0.5,0.5,0.5,0.5,0.5,0.6666666666666666
0.2125594099470085,0.0,0.0,0.5,0.0,0.5,0.0,0.5,0.5,0.5,0.6666666666666666
0.6246482999464565,0.0,0.5,0.0,0.0,0.5,0.5,0.5,0.5,0.5,0.0
0.8418965513843835,0.0,0.5,0.5,0.5,0.0,0.5,0.0,0.0,0.0,0.6666666666666666
0.5625303555101573,0.5,0.0,0.5,0.0,0.0,0.0,0.5,0.5,0.5,0.6666666666666666
0.7347361261741381,1.0,0.0,0.5,0.0,0.0,0.0,0.0,0.0,0.0,0.6666666666666666
0.7068517811088325,0.0,0.0,0.0,0.5,0.0,0.0,0.0,0.0,0.0,0.0
0.6484566603529421,0.5,1.0,1.0,1.0,1.0,1.0,1.0,1.0,1.0,0.3333333333333333
0.46241579511571457,0.0,1.0,1.0,1.0,1.0,1.0,1.0,1.0,0.0,0.3333333333333333
0.9686837856716842,0.5,0.5,0.0,0.5,0.5,0.0,0.0,0.0,1.0,0.0
0.48430831757684933,0.0,1.0,1.0,1.0,1.0,1.0,1.0,1.0,1.0,1.0
0.9838991884819348,0.5,0.5,0.0,0.5,0.0,0.0,0.0,0.0,1.0,0.3333333333333333
0.678037420241245,0.0,0.5,0.5,0.5,0.0,0.5,0.5,0.0,0.5,0.6666666666666666
0.583303446526029,0.0,0.0,0.0,0.0,0.5,0.0,0.5,0.5,0.5,0.6666666666666666
0.5522405470725265,0.0,0.5,0.5,0.5,0.5,0.5,0.5,0.5,0.5,0.6666666666666666
0.9148144546546655,0.5,0.0,0.0,0.5,0.0,0.0,0.0,0.0,1.0,0.6666666666666666
0.6949513350921815,0.0,0.5,0.5,0.0,0.5,0.5,0.0,0.5,0.5,0.6666666666666666
0.8114152592861554,0.5,0.5,0.5,0.0,0.5,0.0,0.5,0.5,0.5,0.6666666666666666
0.547544644968621,0.0,0.5,0.0,0.5,0.0,0.0,0.0,0.0,0.5,0.6666666666666666
0.6073350125246281,0.0,0.5,0.5,0.5,0.0,0.5,0.5,0.5,0.5,0.6666666666666666
0.15462468725700773,0.0,1.0,1.0,1.0,1.0,1.0,1.0,1.0,0.5,1.0
0.4607950813454368,0.5,0.0,0.0,0.0,0.5,0.5,0.5,0.5,0.5,0.6666666666666666
0.4439188753741188,0.0,0.5,0.5,0.5,0.5,0.5,0.0,0.0,0.5,0.6666666666666666
0.5978159999003373,0.5,0.5,0.5,0.5,0.5,0.5,0.5,0.5,0.5,0.3333333333333333
0.9565979823403938,0.5,0.5,0.0,0.0,0.0,0.5,0.0,0.0,1.0,0.6666666666666666
0.43365548971186396,0.0,1.0,1.0,1.0,1.0,1.0,1.0,1.0,0.5,0.6666666666666666
0.6366817711105662,0.5,1.0,1.0,1.0,1.0,1.0,1.0,1.0,1.0,0.0
0.43722345929446393,0.0,1.0,1.0,1.0,1.0,1.0,1.0,1.0,1.0,1.0
0.6127900616905674,1.0,0.0,0.5,0.0,0.0,0.0,0.5,0.5,0.0,0.3333333333333333
0.3699880178717717,0.5,1.0,1.0,1.0,1.0,1.0,1.0,1.0,0.0,0.3333333333333333
0.9338073587750042,0.5,0.5,0.5,0.5,0.0,0.5,0.0,0.0,0.0,0.0
0.7891003512094388,0.0,0.0,0.0,0.5,0.5,0.0,0.0,0.5,1.0,1.0
0.8084052628191079,0.5,0.5,0.5,0.0,0.0,0.5,0.5,0.0,0.5,1.0
0.1564197999395455,0.0,1.0,1.0,1.0,1.0,1.0,1.0,1.0,0.5,0.3333333333333333
0.2615159752048041,0.0,1.0,1.0,1.0,1.0,1.0,1.0,1.0,0.5,1.0
0.7189716161463673,0.0,0.5,0.0,0.0,0.0,0.0,0.0,0.0,0.5,0.6666666666666666
0.46141920039548273,0.0,0.5,0.5,0.0,0.5,0.5,0.0,0.5,0.5,0.3333333333333333
0.9328327642044988,0.5,0.5,0.5,0.0,0.0,0.0,0.0,0.0,0.0,0.0
0.6526634675727773,0.5,1.0,1.0,1.0,1.0,1.0,1.0,1.0,1.0,0.3333333333333333
0.15682825462445704,0.0,1.0,1.0,1.0,1.0,1.0,1.0,1.0,0.5,1.0
0.7362370688037162,1.0,0.0,0.0,0.5,0.0,0.5,0.0,0.5,0.0,1.0
0.7206538663687896,0.0,0.0,0.0,0.5,0.5,0.0,0.0,0.5,0.0,1.0
0.5333580508700846,0.0,0.0,0.5,0.0,0.5,0.0,0.5,0.5,0.5,1.0
0.8016825490236513,0.5,0.5,0.5,0.0,0.5,0.5,0.0,0.0,0.5,0.6666666666666666
0.2505548511645127,0.0,0.0,0.5,0.0,0.5,0.5,0.5,0.5,0.5,0.6666666666666666
0.8148528015761202,0.5,0.0,0.0,0.0,0.0,0.0,0.0,0.0,0.0,0.3333333333333333
0.8747281936019218,0.5,0.5,0.0,0.0,0.5,0.0,0.5,0.5,1.0,0.3333333333333333
0.34505907189240037,1.0,0.0,0.0,0.0,0.0,0.0,0.5,0.5,0.5,1.0
0.45311202016513596,0.5,0.5,0.5,0.0,0.5,0.5,0.5,0.5,0.5,0.3333333333333333
0.9533998098683972,0.5,0.5,0.0,0.5,0.0,0.0,0.5,0.0,0.0,0.3333333333333333
0.7078094273057635,0.5,0.5,0.5,0.5,0.0,0.5,0.0,0.0,0.5,0.6666666666666666
0.5121226875731881,0.0,1.0,1.0,1.0,1.0,1.0,1.0,1.0,1.0,0.3333333333333333
0.4784680837199641,0.0,0.0,0.5,0.0,0.5,0.5,0.5,0.5,0.5,1.0
0.8034668915225968,0.5,0.0,0.0,0.0,0.5,0.0,0.5,0.5,0.0,0.0
0.9498666661702034,0.5,0.5,0.5,0.5,0.5,0.0,0.0,0.0,0.0,0.0
0.8649312927939943,0.5,0.5,0.0,0.5,0.0,0.0,0.5,0.0,0.0,0.0
0.851483977038721,0.5,0.0,0.0,0.5,0.5,0.0,0.0,0.5,0.0,0.3333333333333333
0.6549567521515701,0.5,0.5,0.0,0.0,0.5,0.0,0.5,0.5,0.5,0.6666666666666666
0.785706727167315,0.0,0.0,0.0,0.0,0.0,0.5,0.5,0.5,0.5,1.0
0.16925242244361965,1.0,0.0,0.5,0.0,0.5,0.5,0.5,0.5,0.5,0.6666666666666666
0.43451675895169006,0.0,0.0,0.0,0.5,0.0,0.5,0.0,0.5,0.0,0.6666666666666666
0.2420795729701961,0.5,1.0,1.0,1.0,1.0,1.0,1.0,1.0,0.0,0.3333333333333333
0.567361211850678,0.0,0.0,0.5,0.5,0.0,0.5,0.5,0.5,0.5,1.0
0.4363213166651417,0.0,0.0,0.5,0.0,0.5,0.5,0.5,0.5,0.5,0.6666666666666666
0.9508122405839871,0.5,0.5,0.0,0.0,0.0,0.0,0.0,0.0,1.0,0.6666666666666666
0.2916569424499122,0.0,0.0,0.0,0.5,0.5,0.0,0.5,0.5,1.0,1.0
0.29884541007508403,0.0,1.0,1.0,1.0,1.0,1.0,1.0,1.0,0.0,0.0
0.2644766844999421,1.0,0.0,0.5,0.0,0.5,0.5,0.5,0.5,0.5,1.0
0.8771169572839965,0.5,0.5,0.5,0.5,0.5,0.0,0.0,0.5,0.0,0.3333333333333333
0.47615539018774955,0.0,0.0,0.5,0.5,0.5,0.0,0.5,0.5,0.5,1.0
0.8882858106877857,0.5,0.5,0.5,0.0,0.0,0.5,0.0,0.0,0.0,0.3333333333333333
0.4861339848784131,0.5,0.5,0.5,0.0,0.5,0.5,0.5,0.0,0.5,0.6666666666666666
0.3271227089645771,0.5,0.5,0.0,0.0,0.5,0.5,0.5,0.5,0.5,0.3333333333333333
0.8701506436233593,0.5,0.5,0.5,0.5,0.0,0.5,0.0,0.0,0.5,0.6666666666666666
0.19333419178910982,0.0,1.0,1.0,1.0,1.0,1.0,1.0,1.0,0.5,0.6666666666666666
0.4540442468441023,1.0,0.0,0.5,0.0,0.5,0.5,0.5,0.0,0.5,0.3333333333333333
0.9878940969082406,0.5,0.5,0.0,0.5,0.0,0.0,0.0,0.0,1.0,0.0
0.5246042499012183,0.5,1.0,1.0,1.0,1.0,1.0,1.0,1.0,0.5,0.6666666666666666
0.4656385706073055,0.0,1.0,1.0,1.0,1.0,1.0,1.0,1.0,0.5,0.3333333333333333
0.37304394429585797,0.0,1.0,1.0,1.0,1.0,1.0,1.0,1.0,0.5,0.6666666666666666
0.5512417089042937,0.0,1.0,1.0,1.0,1.0,1.0,1.0,1.0,1.0,1.0
0.5852255547433174,0.0,1.0,1.0,1.0,1.0,1.0,1.0,1.0,1.0,0.3333333333333333
0.23850713952495028,0.0,0.5,0.5,0.0,0.5,0.5,0.5,0.5,0.5,0.6666666666666666
0.5365733962279399,0.0,0.5,0.5,0.5,0.0,0.5,0.5,0.5,0.5,0.6666666666666666
0.6283966810439177,0.5,1.0,1.0,1.0,1.0,1.0,1.0,1.0,1.0,0.3333333333333333
0.30523970450013665,0.0,1.0,1.0,1.0,1.0,1.0,1.0,1.0,0.5,1.0
0.5789652699105429,0.0,1.0,1.0,1.0,1.0,1.0,1.0,1.0,1.0,0.6666666666666666
0.26513917176934687,0.0,1.0,1.0,1.0,1.0,1.0,1.0,1.0,0.0,1.0
0.814858297650332,1.0,0.0,0.0,0.5,0.0,0.0,0.5,0.0,1.0,0.3333333333333333
0.49790498387816373,0.0,1.0,1.0,1.0,1.0,1.0,1.0,1.0,1.0,0.3333333333333333
0.35055644965367194,0.0,0.0,0.5,0.0,0.5,0.0,0.5,0.5,0.5,0.0
0.8342484246060762,0.5,0.0,0.0,0.0,0.5,0.5,0.5,0.0,0.0,0.0
0.6393983874850402,1.0,0.0,0.0,0.5,0.5,0.5,0.5,0.5,0.5,1.0
0.6567968218943746,0.5,0.0,0.5,0.0,0.5,0.0,0.0,0.0,0.5,0.0
0.5748813700450037,0.0,0.5,0.5,0.5,0.5,0.5,0.5,0.5,0.5,0.6666666666666666
0.7478508017405472,1.0,0.0,0.5,0.5,0.5,0.0,0.5,0.0,0.5,0.6666666666666666
0.5288178908136648,1.0,0.0,0.5,0.0,0.5,0.0,0.5,0.5,0.5,0.6666666666666666
0.40274578870313543,0.0,0.5,0.5,0.0,0.5,0.5,0.0,0.0,0.5,0.6666666666666666
0.7088072054045652,1.0,0.0,0.0,0.0,0.5,0.5,0.0,0.0,0.5,0.3333333333333333
0.4147378599320131,0.0,0.5,0.5,0.5,0.5,0.5,0.5,0.0,0.5,0.6666666666666666
0.8899072129658616,0.5,0.5,0.5,0.5,0.0,0.0,0.0,0.0,0.0,0.0
0.43252812800894663,0.5,0.5,0.5,0.0,0.5,0.5,0.5,0.5,0.5,0.6666666666666666
0.8768405481099182,0.0,0.5,0.0,0.5,0.0,0.0,0.5,0.0,1.0,1.0
0.5162228000493309,0.0,0.5,0.5,0.0,0.5,0.5,0.0,0.0,0.5,0.6666666666666666
0.6268228458390054,0.5,1.0,1.0,1.0,1.0,1.0,1.0,1.0,1.0,0.3333333333333333
0.6090349075876776,0.0,0.5,0.5,0.0,0.0,0.5,0.0,0.0,0.5,0.3333333333333333
0.7775001389410521,0.0,0.5,0.0,0.0,0.0,0.0,0.5,0.5,0.0,0.0
0.36506833687971096,0.0,1.0,1.0,1.0,1.0,1.0,1.0,1.0,0.5,1.0
0.5129276493704835,0.0,0.5,0.5,0.0,0.5,0.5,0.5,0.5,0.5,0.6666666666666666
0.4171366044440427,0.0,1.0,1.0,1.0,1.0,1.0,1.0,1.0,0.5,1.0
0.5057527047635872,0.0,0.5,0.0,0.0,0.0,0.5,0.5,0.5,0.5,0.0
0.733722621524185,1.0,0.0,0.0,0.5,0.5,0.0,0.0,0.5,0.0,1.0
0.575482806250853,0.0,0.5,0.5,0.5,0.0,0.5,0.0,0.0,0.5,0.6666666666666666
0.5268356449114107,0.5,1.0,1.0,1.0,1.0,1.0,1.0,1.0,0.0,0.6666666666666666
0.5930203067367117,0.0,1.0,1.0,1.0,1.0,1.0,1.0,1.0,1.0,0.0
0.7055030021016284,0.0,0.5,0.5,0.0,0.0,0.0,0.0,0.0,1.0,0.0
0.4466152678922417,0.0,0.5,0.5,0.0,0.5,0.5,0.0,0.5,0.5,0.6666666666666666
0.3518137799599868,0.0,0.5,0.5,0.0,0.5,0.5,0.5,0.5,0.5,0.6666666666666666
0.9771760915719877,0.5,0.5,0.0,0.5,0.0,0.0,0.0,0.0,1.0,0.3333333333333333
0.7822070861893369,0.5,0.5,0.5,0.5,0.5,0.5,0.0,0.0,0.5,0.6666666666666666
0.23867465758852463,0.0,0.5,0.5,0.0,0.5,0.5,0.5,0.5,0.5,0.6666666666666666
0.573271942970469,0.0,0.0,0.5,0.0,0.0,0.0,0.5,0.5,0.5,0.6666666666666666
0.8480798062170463,0.5,0.5,0.5,0.0,0.5,0.5,0.0,0.0,0.5,0.6666666666666666
0.7411894675809203,0.5,0.5,0.0,0.0,0.5,0.5,0.5,0.0,0.5,0.6666666666666666
0.3750481848967818,0.0,0.5,0.5,0.5,0.5,0.5,0.0,0.0,0.5,0.6666666666666666
0.41610838081532536,0.0,1.0,1.0,1.0,1.0,1.0,1.0,1.0,0.5,0.0
0.6914385857072275,1.0,0.0,0.5,0.5,0.0,0.5,0.0,0.0,0.5,0.3333333333333333
0.8847206681631874,0.0,0.0,0.0,0.5,0.0,0.5,0.0,0.0,1.0,0.3333333333333333
0.6585950445257381,0.5,0.5,0.5,0.0,0.5,0.5,0.5,0.0,0.5,0.6666666666666666
0.8481837164195904,0.5,0.0,0.5,0.5,0.0,0.0,0.0,0.5,1.0,0.0
0.6706096132740316,1.0,0.0,0.0,0.5,0.5,0.5,0.0,0.5,0.5,0.6666666666666666
0.9007640376322459,0.5,0.5,0.5,0.5,0.5,0.5,0.0,0.0,1.0,0.0
0.2397848140110596,0.0,0.5,0.5,0.0,0.5,0.5,0.5,0.5,0.5,0.6666666666666666
0.5796288989456275,0.0,1.0,1.0,1.0,1.0,1.0,1.0,1.0,1.0,1.0
0.5454674232413123,0.0,1.0,1.0,1.0,1.0,1.0,1.0,1.0,1.0,0.3333333333333333
0.36463021551901587,0.0,0.0,0.5,0.0,0.5,0.0,0.5,0.5,0.5,0.0
0.739385365829823,0.0,0.5,0.5,0.0,0.5,0.5,0.0,0.0,0.5,0.6666666666666666
0.5050219620373791,0.0,0.5,0.0,0.0,0.5,0.5,0.5,0.5,0.5,0.6666666666666666
0.634003577594449,0.5,1.0,1.0,1.0,1.0,1.0,1.0,1.0,1.0,0.0
0.9256295732349481,0.5,0.5,0.0,0.5,0.5,0.5,0.5,0.0,0.0,0.3333333333333333
0.5896701410043291,0.5,0.5,0.5,0.0,0.5,0.5,0.0,0.0,0.5,0.6666666666666666
0.5409994981220011,0.5,0.5,0.0,0.0,0.5,0.5,0.5,0.5,0.5,0.6666666666666666
0.5660419050099653,0.0,0.5,0.5,0.5,0.5,0.0,0.5,0.0,0.5,0.0
0.9001998509782154,0.5,0.0,0.0,0.5,0.0,0.0,0.0,0.0,1.0,1.0
0.597202705008382,0.5,0.5,0.5,0.0,0.0,0.5,0.5,0.5,0.5,0.3333333333333333
0.8568024539821363,0.5,0.0,0.0,0.5,0.0,0.0,0.5,0.0,1.0,0.3333333333333333
0.3024402542151793,1.0,0.0,0.0,0.5,0.5,0.0,0.5,0.5,0.5,1.0
0.7804679662598542,0.5,0.5,0.0,0.5,0.0,0.5,0.0,0.0,0.5,1.0
0.3187845183747652,0.0,1.0,1.0,1.0,1.0,1.0,1.0,1.0,0.0,1.0
0.9472515552084658,0.5,0.5,0.0,0.5,0.0,0.5,0.5,0.0,1.0,0.0
0.6775404487030641,1.0,0.0,0.0,0.0,0.5,0.0,0.5,0.0,0.5,0.3333333333333333
0.6402477041529148,0.0,0.5,0.5,0.0,0.5,0.5,0.5,0.0,0.5,0.6666666666666666
0.645057095896881,0.5,0.0,0.0,0.5,0.0,0.0,0.0,0.5,0.5,0.0
0.38333676376242154,0.5,1.0,1.0,1.0,1.0,1.0,1.0,1.0,0.0,1.0
0.6823506926969861,1.0,0.0,0.0,0.0,0.5,0.0,0.0,0.0,0.0,0.0
0.650645240378189,0.5,0.5,0.5,0.0,0.5,0.5,0.5,0.5,0.5,0.6666666666666666
0.382501221026216,0.0,0.0,0.5,0.0,0.5,0.0,0.5,0.5,0.5,0.3333333333333333
0.27754410383454053,0.0,1.0,1.0,1.0,1.0,1.0,1.0,1.0,0.5,1.0
0.47095321924185274,0.0,1.0,1.0,1.0,1.0,1.0,1.0,1.0,0.0,1.0
0.6999052182060742,0.0,0.0,0.5,0.5,0.5,0.0,0.5,0.5,0.0,0.6666666666666666
0.8930707029266985,0.5,0.5,0.0,0.5,0.0,0.0,0.0,0.0,0.0,0.3333333333333333
0.5267681201423803,0.0,0.5,0.5,0.0,0.5,0.5,0.5,0.5,0.5,0.3333333333333333
0.39585248041593796,0.0,1.0,1.0,1.0,1.0,1.0,1.0,1.0,0.0,1.0
0.9043053017075464,0.0,0.5,0.0,0.5,0.5,0.5,0.5,0.0,0.0,0.3333333333333333
0.6479189959959136,0.5,1.0,1.0,1.0,1.0,1.0,1.0,1.0,1.0,0.3333333333333333
0.32193952926662855,0.0,1.0,1.0,1.0,1.0,1.0,1.0,1.0,0.5,1.0
0.8387915044648123,0.5,0.5,0.5,0.5,0.5,0.0,0.5,0.0,0.5,0.0
0.6955330385786582,0.0,0.0,0.5,0.0,0.5,0.5,0.0,0.5,0.0,1.0
0.35505581125176494,0.5,1.0,1.0,1.0,1.0,1.0,1.0,1.0,0.0,0.6666666666666666
0.5960021358221956,0.0,1.0,1.0,1.0,1.0,1.0,1.0,1.0,1.0,0.0
0.8359567897314946,0.5,0.0,0.0,0.5,0.0,0.0,0.5,0.5,0.0,0.6666666666666666
0.9193289790615934,0.5,0.5,0.5,0.5,0.0,0.5,0.0,0.0,0.0,0.6666666666666666
0.9073694990404705,0.0,0.0,0.0,0.5,0.0,0.0,0.0,0.0,1.0,0.0
0.6203348078837028,1.0,0.0,0.5,0.5,0.0,0.5,0.5,0.5,0.0,1.0
0.5937506527284798,0.0,1.0,1.0,1.0,1.0,1.0,1.0,1.0,1.0,0.0
0.4642310947324023,0.0,1.0,1.0,1.0,1.0,1.0,1.0,1.0,0.0,0.3333333333333333
0.9146360524282635,0.5,0.0,0.0,0.5,0.0,0.0,0.0,0.0,1.0,0.3333333333333333
0.16724999135085006,1.0,0.0,0.5,0.0,0.5,0.5,0.5,0.5,0.5,1.0
0.8649077951573257,0.5,0.0,0.0,0.5,0.0,0.0,0.5,0.5,1.0,0.0
0.48635068059425235,0.0,1.0,1.0,1.0,1.0,1.0,1.0,1.0,1.0,1.0
0.9003351717527953,0.5,0.5,0.5,0.0,0.0,0.5,0.0,0.0,0.0,0.0
0.38278022578548876,0.0,0.0,0.5,0.0,0.5,0.5,0.5,0.5,0.5,1.0
0.5901580404436105,0.5,0.5,0.5,0.0,0.5,0.5,0.0,0.5,0.5,0.6666666666666666
0.6995701427834436,0.5,0.5,0.5,0.5,0.5,0.5,0.0,0.0,0.5,0.6666666666666666
0.34800898065127206,0.0,0.5,0.5,0.0,0.5,0.5,0.5,0.5,0.5,0.6666666666666666
0.5119504296211158,0.0,0.0,0.5,0.0,0.5,0.0,0.0,0.0,0.5,1.0
0.45602780027084017,0.0,0.5,0.5,0.0,0.5,0.5,0.5,0.5,0.5,0.6666666666666666
0.7949204112711147,0.5,0.0,0.0,0.0,0.5,0.0,0.5,0.0,0.5,0.6666666666666666
0.891867812805172,0.5,0.5,0.0,0.5,0.5,0.5,0.0,0.0,0.0,0.0
0.9031939424717506,0.5,0.5,0.5,0.0,0.0,0.5,0.0,0.0,0.0,0.3333333333333333
0.24944825348233307,0.0,0.5,0.5,0.0,0.5,0.5,0.5,0.0,0.5,0.3333333333333333
0.9556711176156361,0.5,0.5,0.5,0.0,0.0,0.0,0.0,0.0,0.0,0.3333333333333333
0.9738195491605316,0.5,0.5,0.0,0.5,0.0,0.0,0.0,0.0,1.0,0.3333333333333333
0.556411503853452,0.0,1.0,1.0,1.0,1.0,1.0,1.0,1.0,1.0,0.3333333333333333
0.8781593554065763,0.0,0.5,0.5,0.5,0.0,0.5,0.0,0.5,0.0,0.6666666666666666
0.6830214403312218,0.0,0.0,0.5,0.0,0.0,0.0,0.0,0.0,0.0,0.0
0.8883953149591485,0.5,0.5,0.5,0.5,0.0,0.5,0.5,0.5,0.5,0.6666666666666666
0.6682638812001486,0.0,0.0,0.5,0.5,0.0,0.0,0.0,0.0,0.0,1.0
0.3919692189824545,0.5,0.5,0.5,0.0,0.5,0.5,0.5,0.0,0.5,0.6666666666666666
0.6499590184782521,0.5,1.0,1.0,1.0,1.0,1.0,1.0,1.0,1.0,0.0
0.35149475068927527,0.0,0.0,0.5,0.0,0.0,0.5,0.5,0.5,0.5,0.6666666666666666
0.22358431187169547,0.0,1.0,1.0,1.0,1.0,1.0,1.0,1.0,0.5,0.6666666666666666
0.39247724032810916,0.0,0.0,0.0,0.0,0.5,0.5,0.5,0.5,0.5,0.6666666666666666
0.537474022295007,0.0,0.5,0.0,0.0,0.5,0.5,0.0,0.5,0.0,0.3333333333333333
0.4302794064612845,0.0,0.5,0.5,0.5,0.5,0.0,0.5,0.0,0.5,0.6666666666666666
0.5701495266574941,0.0,1.0,1.0,1.0,1.0,1.0,1.0,1.0,1.0,0.0
0.7434225409418059,0.0,0.0,0.0,0.0,0.0,0.5,0.0,0.5,0.0,0.3333333333333333
0.34085004069749436,1.0,0.0,0.5,0.0,0.0,0.0,0.0,0.5,0.5,0.3333333333333333
0.8165437527961827,0.5,0.5,0.5,0.0,0.0,0.5,0.0,0.0,0.5,0.0
0.42364442789833623,0.0,0.0,0.5,0.0,0.5,0.5,0.5,0.5,0.5,1.0
0.7354014014328467,0.5,0.0,0.5,0.0,0.5,0.0,0.0,0.5,0.0,0.0
0.7580986527092313,1.0,0.0,0.0,0.0,0.0,0.5,0.0,0.0,1.0,0.6666666666666666
0.5224435284708591,0.5,0.5,0.5,0.0,0.5,0.5,0.5,0.5,0.5,0.6666666666666666
0.8247227758420633,0.0,0.0,0.0,0.0,0.0,0.5,0.5,0.0,1.0,0.0
0.4704721340004003,0.5,0.5,0.5,0.0,0.5,0.5,0.5,0.5,0.5,0.6666666666666666
0.4026965052217397,0.0,1.0,1.0,1.0,1.0,1.0,1.0,1.0,1.0,1.0
0.7767379671947455,1.0,0.0,0.0,0.0,0.0,0.0,0.0,0.5,1.0,1.0
0.8216698667763693,0.0,0.5,0.5,0.0,0.0,0.0,0.5,0.0,1.0,0.0
0.5572626197707069,0.5,1.0,1.0,1.0,1.0,1.0,1.0,1.0,1.0,0.6666666666666666
0.6681718191732964,0.0,0.0,0.5,0.5,0.5,0.5,0.5,0.5,0.5,0.6666666666666666
0.6794477711834706,0.0,0.0,0.0,0.0,0.0,0.0,0.5,0.5,0.0,1.0
0.8567084981473347,0.5,0.5,0.0,0.5,0.0,0.5,0.5,0.0,0.5,0.0
0.6047264529329847,0.5,1.0,1.0,1.0,1.0,1.0,1.0,1.0,1.0,0.3333333333333333
0.4511959174284798,0.5,0.5,0.5,0.0,0.5,0.5,0.5,0.5,0.5,0.6666666666666666
0.5442192011290448,0.5,0.5,0.5,0.0,0.0,0.5,0.0,0.5,0.5,0.6666666666666666
0.7243880988642144,0.5,0.5,0.5,0.0,0.5,0.5,0.5,0.0,0.5,0.6666666666666666
0.5960515114358568,0.0,1.0,1.0,1.0,1.0,1.0,1.0,1.0,1.0,0.3333333333333333
0.6029653174668954,0.5,0.5,0.0,0.5,0.0,0.5,0.5,0.5,0.5,0.3333333333333333
0.5529063966875517,0.0,1.0,1.0,1.0,1.0,1.0,1.0,1.0,1.0,0.0
0.5447472827728534,1.0,0.0,0.0,0.5,0.5,0.0,0.5,0.5,0.5,0.3333333333333333
0.41698578408994624,0.0,1.0,1.0,1.0,1.0,1.0,1.0,1.0,0.0,1.0
0.463755703676422,0.5,0.5,0.5,0.0,0.0,0.5,0.0,0.5,0.5,0.6666666666666666
0.5983299295015727,0.0,1.0,1.0,1.0,1.0,1.0,1.0,1.0,1.0,0.3333333333333333
0.41466139427995924,0.0,0.0,0.5,0.0,0.5,0.0,0.5,0.5,0.5,0.6666666666666666
0.6353069860354548,0.0,0.5,0.5,0.0,0.0,0.5,0.0,0.0,0.5,0.6666666666666666
0.18076252502235857,1.0,0.0,0.5,0.0,0.5,0.0,0.5,0.5,0.5,1.0
0.2133479693810415,0.0,0.0,0.5,0.0,0.0,0.5,0.5,0.5,0.5,0.6666666666666666
0.4422292022394691,0.0,0.0,0.5,0.0,0.5,0.5,0.5,0.5,0.5,0.0
0.8706544424587702,0.5,0.5,0.0,0.5,0.5,0.5,0.5,0.5,0.0,0.3333333333333333
0.3755549592411616,0.5,0.5,0.5,0.0,0.5,0.5,0.5,0.5,0.5,0.6666666666666666
0.6691643631523796,0.5,0.0,0.0,0.5,0.5,0.0,0.5,0.5,0.0,1.0
0.3549221350781602,0.0,0.5,0.0,0.0,0.5,0.5,0.5,0.0,0.5,1.0
0.573340083639082,0.5,0.5,0.0,0.0,0.5,0.0,0.0,0.5,0.5,0.3333333333333333
0.45386062994689946,0.0,0.0,0.0,0.0,0.5,0.5,0.0,0.5,0.5,0.0
0.8519977618506742,0.0,0.5,0.5,0.5,0.0,0.5,0.5,0.5,0.5,0.3333333333333333
0.9909292194776954,0.5,0.5,0.0,0.5,0.0,0.0,0.0,0.0,1.0,0.0
0.3900985798487845,0.0,0.5,0.5,0.5,0.5,0.5,0.5,0.5,0.5,0.0
0.9593465231265221,0.5,0.5,0.0,0.5,0.0,0.5,0.0,0.0,0.0,0.6666666666666666
0.7715755765696627,0.0,0.5,0.5,0.0,0.5,0.5,0.5,0.5,0.5,0.6666666666666666
0.4400217521048097,0.0,0.5,0.5,0.0,0.0,0.5,0.5,0.0,0.5,0.6666666666666666
0.6498848542551975,0.0,0.5,0.0,0.0,0.5,0.0,0.5,0.0,0.5,0.6666666666666666
0.24985192755080227,0.0,0.5,0.5,0.0,0.5,0.5,0.0,0.5,0.5,0.6666666666666666
0.7734208479997331,0.5,0.5,0.5,0.0,0.5,0.5,0.0,0.0,0.5,0.6666666666666666
0.4102760392180263,1.0,0.0,0.0,0.0,0.5,0.5,0.5,0.5,0.5,0.0
0.9298810598152495,0.5,0.5,0.5,0.5,0.5,0.5,0.0,0.0,0.5,0.6666666666666666
0.5535031852270041,1.0,0.0,0.0,0.5,0.5,0.0,0.5,0.5,0.0,0.3333333333333333
0.5571161105986566,0.0,1.0,1.0,1.0,1.0,1.0,1.0,1.0,1.0,0.0
0.5755637766096868,0.5,0.5,0.0,0.5,0.0,0.5,0.5,0.0,0.5,0.0
0.43331254635830996,0.0,0.5,0.5,0.0,0.5,0.5,0.5,0.5,0.5,0.6666666666666666
0.7404564963924238,0.0,0.5,0.5,0.5,0.5,0.5,0.0,0.0,0.5,0.6666666666666666
0.605065233577108,0.5,0.5,0.5,0.0,0.0,0.5,0.5,0.5,0.5,0.6666666666666666
0.6744083498823673,0.0,0.5,0.5,0.5,0.5,0.5,0.0,0.5,0.5,0.6666666666666666
0.9118078804565695,0.5,0.0,0.0,0.5,0.0,0.0,0.0,0.0,1.0,0.3333333333333333
0.3696446966849359,0.5,0.5,0.5,0.0,0.5,0.5,0.0,0.0,0.5,0.6666666666666666
0.8337597387147497,0.5,0.5,0.0,0.5,0.0,0.5,0.0,0.5,0.5,0.6666666666666666
0.4848079298481883,0.0,1.0,1.0,1.0,1.0,1.0,1.0,1.0,1.0,0.3333333333333333
0.5550398585461037,0.0,0.0,0.5,0.0,0.5,0.5,0.0,0.0,0.5,1.0
0.20670042177437487,0.0,0.0,0.5,0.0,0.5,0.5,0.5,0.5,0.5,1.0
0.8952342122777315,0.5,0.5,0.5,0.5,0.0,0.5,0.0,0.0,0.5,0.6666666666666666
0.2602825612366707,0.0,1.0,1.0,1.0,1.0,1.0,1.0,1.0,0.5,0.6666666666666666
0.5656685587439783,0.5,0.0,0.0,0.0,0.5,0.5,0.5,0.0,0.5,0.6666666666666666
0.30318621095653514,0.0,1.0,1.0,1.0,1.0,1.0,1.0,1.0,0.5,0.3333333333333333
0.9751004614197041,0.5,0.5,0.5,0.5,0.0,0.0,0.0,0.0,1.0,0.0
0.9231233599473072,0.5,0.5,0.5,0.0,0.0,0.0,0.0,0.0,0.0,0.0
0.8409593416789642,0.5,0.5,0.5,0.0,0.0,0.5,0.0,0.0,0.0,0.6666666666666666
0.5138193445731052,0.0,0.0,0.5,0.0,0.5,0.5,0.5,0.5,0.5,1.0
0.29531911765192603,0.0,0.5,0.5,0.0,0.5,0.5,0.5,0.5,0.5,0.6666666666666666
0.5993057376564553,0.5,1.0,1.0,1.0,1.0,1.0,1.0,1.0,1.0,0.3333333333333333
0.8259717543421469,0.5,0.5,0.0,0.5,0.5,0.0,0.0,0.5,0.5,0.6666666666666666
0.8630130631499014,0.5,0.5,0.0,0.5,0.0,0.0,0.0,0.0,0.5,0.6666666666666666
0.6038027468004028,0.0,0.5,0.5,0.5,0.5,0.5,0.0,0.0,0.5,0.0
0.16819838086250127,1.0,0.0,0.5,0.0,0.5,0.5,0.5,0.5,0.5,0.6666666666666666
0.4277464546677483,0.5,0.5,0.5,0.0,0.0,0.5,0.0,0.5,0.5,0.6666666666666666
0.6410941364912263,0.5,1.0,1.0,1.0,1.0,1.0,1.0,1.0,1.0,0.0
0.9319249522850214,0.5,0.5,0.5,0.5,0.0,0.0,0.0,0.5,1.0,0.3333333333333333
0.8883361870724219,0.5,0.0,0.0,0.5,0.0,0.0,0.5,0.0,1.0,0.0
0.8599427859512558,0.5,0.5,0.5,0.0,0.5,0.5,0.5,0.5,0.5,1.0
0.15264382802207233,0.0,1.0,1.0,1.0,1.0,1.0,1.0,1.0,0.0,1.0
0.5991596248985026,0.0,0.5,0.5,0.0,0.5,0.5,0.5,0.0,0.5,0.6666666666666666
0.30590653319305583,0.0,0.5,0.5,0.0,0.0,0.5,0.5,0.5,0.5,0.6666666666666666
0.5540983486982815,0.0,1.0,1.0,1.0,1.0,1.0,1.0,1.0,1.0,0.3333333333333333
0.8135778378953687,0.5,0.0,0.0,0.0,0.0,0.0,0.0,0.5,0.0,0.0
0.8819732063928402,0.5,0.0,0.0,0.5,0.5,0.0,0.0,0.0,1.0,0.6666666666666666
0.41188535359694933,0.5,0.5,0.5,0.0,0.5,0.0,0.0,0.0,0.5,1.0
0.25468207634334294,0.0,0.5,0.5,0.0,0.0,0.5,0.0,0.5,0.5,0.6666666666666666
0.6361233680796129,1.0,0.0,0.5,0.5,0.0,0.0,0.0,0.5,0.5,0.6666666666666666
0.6101304606046878,0.5,1.0,1.0,1.0,1.0,1.0,1.0,1.0,1.0,1.0
0.24585185333019172,0.0,1.0,1.0,1.0,1.0,1.0,1.0,1.0,1.0,1.0
0.306412324553778,0.0,1.0,1.0,1.0,1.0,1.0,1.0,1.0,0.5,1.0
0.39808125332055516,0.0,0.5,0.5,0.0,0.0,0.0,0.5,0.0,0.5,0.6666666666666666
0.5665480932028258,1.0,0.0,0.5,0.0,0.0,0.5,0.0,0.5,0.5,0.6666666666666666
0.921208449949875,0.5,0.5,0.0,0.0,0.5,0.5,0.5,0.0,0.5,0.6666666666666666
0.4176934819009384,0.0,1.0,1.0,1.0,1.0,1.0,1.0,1.0,0.0,1.0
0.4561004077625933,0.0,1.0,1.0,1.0,1.0,1.0,1.0,1.0,1.0,1.0
0.8517116108244375,0.5,0.0,0.0,0.5,0.0,0.5,0.0,0.0,1.0,0.6666666666666666
0.2504045977957056,0.0,0.5,0.5,0.0,0.5,0.5,0.5,0.0,0.5,0.6666666666666666
0.3661271181735977,0.0,0.0,0.5,0.0,0.5,0.5,0.5,0.5,0.5,0.6666666666666666
0.3975904759772056,0.5,0.5,0.5,0.5,0.5,0.5,0.5,0.0,0.5,0.6666666666666666
0.6470503379554564,0.5,0.5,0.0,0.0,0.5,0.5,0.5,0.5,0.5,0.6666666666666666
0.7926424206612505,1.0,0.0,0.0,0.5,0.0,0.0,0.0,0.5,1.0,0.0
0.4692922226331874,0.0,1.0,1.0,1.0,1.0,1.0,1.0,1.0,0.5,0.0
0.9829787520651304,0.5,0.5,0.0,0.5,0.0,0.5,0.0,0.0,1.0,0.6666666666666666
0.8167595987388806,0.5,0.0,0.0,0.5,0.5,0.0,0.0,0.5,0.0,0.3333333333333333
0.5599628371544378,0.0,1.0,1.0,1.0,1.0,1.0,1.0,1.0,0.0,0.3333333333333333
0.2057784940786596,1.0,0.0,0.5,0.0,0.5,0.0,0.5,0.5,0.5,0.0
0.431795602837806,0.0,1.0,1.0,1.0,1.0,1.0,1.0,1.0,0.0,0.3333333333333333
0.5268187657630629,0.5,0.5,0.5,0.0,0.0,0.5,0.5,0.0,0.5,0.6666666666666666
0.15448486895188157,0.0,1.0,1.0,1.0,1.0,1.0,1.0,1.0,0.5,1.0
0.9021799010586957,0.5,0.5,0.5,0.0,0.0,0.0,0.0,0.0,0.0,0.0
0.20523657088026853,0.0,1.0,1.0,1.0,1.0,1.0,1.0,1.0,0.5,1.0
0.5125029528516469,0.0,0.5,0.0,0.0,0.5,0.0,0.0,0.0,0.5,0.3333333333333333
0.33269204838079613,0.0,1.0,1.0,1.0,1.0,1.0,1.0,1.0,0.5,0.3333333333333333
0.5117235524435455,0.5,0.5,0.5,0.0,0.5,0.5,0.5,0.5,0.5,0.3333333333333333
0.8093326040362626,0.5,0.0,0.5,0.5,0.0,0.5,0.0,0.0,0.0,0.6666666666666666
0.9413004003244524,0.5,0.5,0.5,0.5,0.5,0.0,0.0,0.0,1.0,0.0
0.7530336400784469,0.5,0.5,0.5,0.0,0.5,0.5,0.5,0.5,0.5,0.3333333333333333
0.7077142105157946,1.0,0.0,0.5,0.5,0.5,0.5,0.0,0.0,0.0,0.0
0.6597583320809355,0.5,1.0,1.0,1.0,1.0,1.0,1.0,1.0,1.0,0.0
0.7308353486791407,0.5,0.5,0.5,0.5,0.5,0.5,0.0,0.5,0.5,0.6666666666666666
0.5532795805230732,0.0,0.0,0.5,0.0,0.0,0.5,0.5,0.5,0.5,0.3333333333333333
0.8554821804680743,0.0,0.5,0.5,0.0,0.5,0.5,0.0,0.0,0.0,0.0
0.9513919132326579,0.0,0.5,0.5,0.5,0.0,0.0,0.0,0.0,0.0,0.0
0.2312817532160556,0.0,1.0,1.0,1.0,1.0,1.0,1.0,1.0,0.5,1.0
0.7416009366734665,0.5,0.5,0.5,0.5,0.5,0.5,0.5,0.0,0.5,0.6666666666666666
0.15462468725700773,0.0,1.0,1.0,1.0,1.0,1.0,1.0,1.0,0.5,1.0
0.7267575082484476,0.0,0.0,0.5,0.5,0.5,0.5,0.5,0.0,0.0,0.0
0.5066205289518595,0.5,1.0,1.0,1.0,1.0,1.0,1.0,1.0,0.0,0.3333333333333333
0.497047317531837,0.0,0.0,0.5,0.5,0.0,0.0,0.5,0.5,0.5,0.0
0.24352951808897516,0.5,0.5,0.5,0.0,0.5,0.5,0.5,0.5,0.5,1.0
0.30530335858494906,1.0,0.0,0.5,0.0,0.5,0.5,0.5,0.5,0.0,0.3333333333333333
0.4097729040134785,0.0,0.5,0.5,0.5,0.5,0.5,0.0,0.5,0.5,0.6666666666666666
0.36383419457982974,0.0,1.0,1.0,1.0,1.0,1.0,1.0,1.0,0.5,0.3333333333333333
0.9496243742373582,0.0,0.5,0.5,0.5,0.0,0.5,0.0,0.0,1.0,0.6666666666666666
0.8404580349609522,1.0,0.0,0.0,0.5,0.0,0.0,0.0,0.0,1.0,0.0
0.7262162127608627,1.0,0.0,0.0,0.0,0.0,0.0,0.5,0.0,0.5,0.0
0.9259065001922686,0.5,0.5,0.5,0.5,0.5,0.5,0.0,0.5,0.0,0.6666666666666666
0.4201105439217489,0.0,0.5,0.5,0.0,0.5,0.5,0.5,0.0,0.5,1.0
0.5425487881668027,0.0,0.0,0.0,0.0,0.5,0.5,0.5,0.0,0.5,0.3333333333333333
0.5289766660890972,0.0,0.0,0.5,0.0,0.5,0.5,0.5,0.5,0.5,0.6666666666666666
0.6706096132740316,0.5,0.5,0.5,0.0,0.5,0.5,0.0,0.0,0.5,0.3333333333333333
0.877646477988578,0.5,0.0,0.0,0.5,0.0,0.0,0.0,0.0,1.0,0.3333333333333333
0.9607681983805918,0.5,0.5,0.5,0.5,0.0,0.5,0.0,0.0,0.0,0.6666666666666666
0.6498996888414983,0.0,0.0,0.0,0.0,0.5,0.5,0.5,0.5,0.0,0.6666666666666666
0.7516999913458964,0.5,0.5,0.5,0.5,0.5,0.5,0.5,0.5,0.5,1.0
0.4935790683666694,0.5,0.5,0.5,0.0,0.5,0.5,0.5,0.0,0.5,0.3333333333333333
0.5790117869644313,0.5,0.5,0.5,0.0,0.5,0.0,0.5,0.5,0.0,0.3333333333333333
0.7827937116105214,0.5,0.5,0.5,0.5,0.0,0.0,0.0,0.0,0.5,0.6666666666666666
0.9065816212933293,0.0,0.5,0.0,0.5,0.0,0.0,0.0,0.0,1.0,0.0
0.19073967933025154,1.0,0.0,0.5,0.0,0.5,0.5,0.0,0.5,0.5,0.6666666666666666
0.8966219120078442,0.5,0.5,0.5,0.0,0.0,0.0,0.0,0.0,1.0,0.6666666666666666
0.7037975141583204,1.0,0.0,0.5,0.5,0.0,0.5,0.5,0.5,0.0,0.0
0.6990585562170418,0.5,0.5,0.5,0.5,0.0,0.5,0.0,0.0,0.5,0.6666666666666666
0.37667954765152395,0.0,0.0,0.5,0.0,0.5,0.0,0.5,0.5,0.5,1.0
0.6152611658373203,0.5,0.0,0.0,0.5,0.0,0.5,0.5,0.5,0.5,1.0
0.8440209977145179,0.5,0.0,0.0,0.0,0.0,0.0,0.0,0.0,1.0,0.0
0.9589906779437912,0.5,0.5,0.5,0.5,0.0,0.5,0.0,0.0,0.0,0.0
0.7668050363146443,1.0,0.0,0.0,0.0,0.0,0.0,0.5,0.0,1.0,0.0
0.7221339961588398,0.5,0.0,0.0,0.5,0.5,0.0,0.5,0.5,0.5,0.3333333333333333
0.6326879578360498,0.5,1.0,1.0,1.0,1.0,1.0,1.0,1.0,1.0,0.0
0.780538709741341,0.5,0.5,0.5,0.0,0.0,0.0,0.5,0.5,0.5,0.6666666666666666
0.3095610039313826,0.0,1.0,1.0,1.0,1.0,1.0,1.0,1.0,0.5,1.0
0.8103101587903115,0.0,0.0,0.0,0.5,0.0,0.0,0.5,0.5,1.0,1.0
0.5134325204283287,0.0,0.0,0.0,0.0,0.5,0.5,0.0,0.0,0.5,1.0
0.7937511769122056,0.5,0.0,0.0,0.0,0.0,0.5,0.5,0.0,0.0,0.0
0.9620104906231519,0.5,0.5,0.0,0.5,0.0,0.0,0.0,0.5,1.0,0.0
0.5232864790169663,1.0,0.0,0.5,0.0,0.5,0.5,0.0,0.0,0.0,0.3333333333333333
0.9156039968378286,0.0,0.5,0.0,0.0,0.0,0.5,0.0,0.0,1.0,0.3333333333333333
0.8529765898445645,0.5,0.0,0.0,0.0,0.0,0.0,0.0,0.0,1.0,0.6666666666666666
0.6697278694586958,0.5,0.0,0.0,0.0,0.0,0.5,0.5,0.5,0.5,0.6666666666666666
0.37304394429585797,0.0,0.0,0.5,0.0,0.5,0.0,0.5,0.5,0.5,0.0
0.9011565161758615,0.5,0.0,0.0,0.5,0.0,0.0,0.5,0.0,1.0,0.0
0.7927841899252424,0.0,0.0,0.0,0.5,0.5,0.5,0.0,0.5,0.5,0.3333333333333333
0.9580860799375122,0.5,0.5,0.5,0.5,0.0,0.5,0.0,0.0,0.5,0.6666666666666666
0.4339293645680437,0.5,0.5,0.5,0.0,0.5,0.5,0.5,0.0,0.5,0.6666666666666666
0.8712105026453912,0.5,0.5,0.5,0.0,0.0,0.5,0.0,0.0,0.0,0.0
0.9173266382031081,0.5,0.5,0.5,0.5,0.5,0.5,0.5,0.0,0.5,0.0
0.9091377105440304,0.5,0.5,0.5,0.0,0.0,0.0,0.5,0.5,1.0,0.3333333333333333
0.3575511888581585,0.0,1.0,1.0,1.0,1.0,1.0,1.0,1.0,0.5,0.6666666666666666
0.4969007543762625,0.0,1.0,1.0,1.0,1.0,1.0,1.0,1.0,0.0,1.0
0.24006057162665262,0.0,0.5,0.5,0.0,0.5,0.5,0.5,0.5,0.5,0.6666666666666666
0.2681391602163202,0.5,0.5,0.5,0.5,0.5,0.5,0.0,0.0,0.5,0.3333333333333333
0.5184754881988851,0.0,0.0,0.5,0.0,0.5,0.5,0.5,0.5,0.5,0.0
0.7434330165506259,0.5,0.5,0.5,0.0,0.5,0.5,0.5,0.0,0.5,0.6666666666666666
0.38879754214311063,0.5,0.5,0.5,0.0,0.0,0.5,0.0,0.0,0.5,0.6666666666666666
0.9805596743994868,0.5,0.5,0.0,0.5,0.0,0.0,0.0,0.0,1.0,0.6666666666666666
0.8544502365730519,0.0,0.0,0.5,0.5,0.0,0.0,0.0,0.0,1.0,0.0
0.4385481389366259,0.0,0.0,0.5,0.0,0.5,0.5,0.5,0.5,0.5,0.3333333333333333
0.8517605434382849,0.5,0.0,0.0,0.5,0.5,0.0,0.5,0.5,1.0,0.6666666666666666
0.5360893441780389,0.0,0.5,0.5,0.0,0.0,0.0,0.0,0.0,0.5,0.6666666666666666
0.3559881900652164,0.0,0.5,0.5,0.5,0.5,0.5,0.0,0.5,0.5,0.6666666666666666
0.24379591922392857,0.0,0.5,0.5,0.5,0.5,0.5,0.5,0.5,0.5,0.6666666666666666
0.601583056615596,0.0,1.0,1.0,1.0,1.0,1.0,1.0,1.0,0.0,0.3333333333333333
0.6691368437171952,0.5,0.5,0.5,0.5,0.5,0.5,0.5,0.5,0.5,0.6666666666666666
0.9144859611968725,0.5,0.5,0.5,0.5,0.5,0.0,0.0,0.5,1.0,0.3333333333333333
0.9232203140242492,0.5,0.0,0.0,0.5,0.0,0.0,0.0,0.0,1.0,0.0
0.6791963194266222,0.5,0.5,0.0,0.0,0.0,0.5,0.0,0.0,0.5,0.0
0.8825441125427218,0.5,0.5,0.0,0.5,0.5,0.0,0.0,0.0,1.0,0.6666666666666666
0.20761357439700162,0.0,0.0,0.5,0.0,0.5,0.5,0.5,0.5,0.5,1.0
0.7166153035779365,0.5,0.5,0.5,0.5,0.0,0.5,0.0,0.0,0.5,1.0
0.8985654241052321,0.5,0.0,0.0,0.5,0.0,0.5,0.0,0.0,1.0,0.3333333333333333
0.8838739350254174,0.5,0.5,0.5,0.5,0.5,0.5,0.0,0.0,0.5,0.6666666666666666
0.6502060754687167,0.0,0.0,0.0,0.0,0.0,0.5,0.5,0.5,0.0,1.0
0.3755549592411616,0.5,0.5,0.5,0.5,0.0,0.5,0.0,0.0,0.5,0.6666666666666666
0.8973157753102511,0.5,0.5,0.5,0.0,0.0,0.5,0.0,0.0,0.0,0.6666666666666666
0.6321469966666092,0.5,1.0,1.0,1.0,1.0,1.0,1.0,1.0,1.0,0.0
0.9390265117614006,0.5,0.5,0.5,0.5,0.5,0.5,0.0,0.0,1.0,0.0
0.8033242972878873,0.0,0.5,0.5,0.5,0.0,0.5,0.0,0.5,0.5,0.3333333333333333
0.343090809666198,0.0,1.0,1.0,1.0,1.0,1.0,1.0,1.0,0.0,0.0
0.9094404517436743,0.0,0.5,0.0,0.5,0.0,0.5,0.5,0.5,0.0,0.0
0.7728533251756818,0.5,0.5,0.5,0.5,0.0,0.5,0.0,0.0,0.5,0.0
0.4208054509778982,0.0,0.0,0.5,0.0,0.5,0.5,0.5,0.5,0.5,1.0
0.7188420816560245,0.5,0.5,0.5,0.5,0.0,0.5,0.0,0.5,0.5,0.3333333333333333
0.15532002430619524,0.0,1.0,1.0,1.0,1.0,1.0,1.0,1.0,0.5,0.6666666666666666
0.25366440308285076,0.0,0.0,0.5,0.0,0.5,0.5,0.5,0.5,0.5,0.6666666666666666
0.4947089759897105,0.0,0.5,0.5,0.0,0.5,0.5,0.5,0.5,0.5,0.6666666666666666
0.6136567003886421,0.0,0.0,0.0,0.0,0.0,0.0,0.5,0.0,0.5,1.0
0.5581906829325368,0.0,0.5,0.5,0.5,0.5,0.5,0.5,0.5,0.5,0.0
0.844261468116297,0.5,0.5,0.5,0.5,0.5,0.5,0.0,0.0,0.5,0.3333333333333333
0.1975573138263811,1.0,0.0,0.5,0.0,0.0,0.5,0.5,0.0,0.5,0.6666666666666666
0.7011722932347136,0.5,0.0,0.0,0.0,0.5,0.5,0.5,0.5,0.5,0.6666666666666666
0.7456175060552215,0.0,0.0,0.0,0.5,0.5,0.5,0.5,0.5,0.0,0.6666666666666666
0.845239029923812,0.0,0.0,0.0,0.5,0.0,0.0,0.5,0.0,1.0,1.0
0.8752000324027461,0.0,0.0,0.0,0.5,0.0,0.0,0.0,0.5,1.0,0.0
0.4281570348650218,0.0,0.5,0.0,0.0,0.0,0.5,0.5,0.0,0.5,1.0
0.1564197999395455,0.0,1.0,1.0,1.0,1.0,1.0,1.0,1.0,0.5,0.0
0.8718553764324833,0.5,0.5,0.0,0.5,0.0,0.5,0.0,0.0,0.5,0.0
0.7865881130437684,0.5,0.0,0.0,0.0,0.5,0.5,0.5,0.5,0.5,1.0
0.3437178008706159,0.0,0.0,0.0,0.5,0.5,0.5,0.5,0.5,0.5,0.6666666666666666
0.6748664269727324,1.0,0.0,0.0,0.5,0.5,0.0,0.0,0.5,0.0,0.0
0.2612885597282635,1.0,0.0,0.5,0.5,0.5,0.5,0.5,0.0,0.5,1.0
0.4837028984820327,0.5,1.0,1.0,1.0,1.0,1.0,1.0,1.0,0.0,1.0
0.4040057319984336,0.0,1.0,1.0,1.0,1.0,1.0,1.0,1.0,0.5,0.6666666666666666
0.8341476461807846,0.5,0.5,0.0,0.5,0.0,0.5,0.0,0.5,0.5,0.6666666666666666
0.5348662407091324,0.0,0.0,0.5,0.0,0.0,0.5,0.5,0.5,0.5,0.0
0.9507591638493734,0.5,0.5,0.5,0.5,0.5,0.0,0.0,0.0,0.0,0.0
0.5996584685450306,0.0,0.5,0.0,0.0,0.0,0.0,0.5,0.0,0.5,1.0
0.582702736861291,0.0,0.0,0.0,0.0,0.5,0.0,0.5,0.5,0.0,0.3333333333333333
0.27383777368429835,0.0,1.0,1.0,1.0,1.0,1.0,1.0,1.0,0.5,1.0
0.9816055672346328,0.5,0.5,0.0,0.5,0.0,0.0,0.0,0.0,1.0,0.3333333333333333
0.3236705594887887,0.0,1.0,1.0,1.0,1.0,1.0,1.0,1.0,0.5,1.0
0.39755657489694773,0.0,0.0,0.0,0.0,0.5,0.5,0.5,0.5,0.5,0.0
0.40007987480635004,1.0,0.0,0.5,0.0,0.5,0.5,0.5,0.0,0.5,0.0
0.9453853871489728,0.5,0.5,0.0,0.0,0.0,0.0,0.0,0.0,1.0,0.0
0.3195301195014053,0.0,0.5,0.5,0.0,0.5,0.5,0.0,0.5,0.5,0.6666666666666666
0.33749716770281046,0.0,1.0,1.0,1.0,1.0,1.0,1.0,1.0,0.5,1.0
0.4687729779602178,0.5,1.0,1.0,1.0,1.0,1.0,1.0,1.0,0.0,0.3333333333333333
0.24331592725900258,0.5,0.5,0.5,0.0,0.5,0.5,0.5,0.5,0.5,1.0
0.6064273432373356,0.0,0.5,0.0,0.0,0.5,0.5,0.0,0.0,0.5,0.6666666666666666
0.1588392417977404,0.0,1.0,1.0,1.0,1.0,1.0,1.0,1.0,0.5,1.0
0.351699920292624,0.0,1.0,1.0,1.0,1.0,1.0,1.0,1.0,0.0,0.3333333333333333
0.7460088116486686,0.0,0.0,0.0,0.5,0.5,0.0,0.0,0.0,0.0,0.3333333333333333
0.5232263815457979,0.5,0.5,0.5,0.0,0.5,0.5,0.5,0.0,0.5,0.6666666666666666
0.9088367651033242,0.5,0.5,0.5,0.0,0.0,0.5,0.0,0.0,0.5,0.6666666666666666
0.6753953600806825,0.5,0.0,0.5,0.0,0.5,0.0,0.0,0.5,0.5,1.0
0.8987799785927684,0.0,0.0,0.0,0.0,0.0,0.0,0.0,0.0,1.0,0.0
0.9043617152652693,0.5,0.5,0.5,0.0,0.0,0.5,0.0,0.5,0.0,0.0
0.23867465758852463,0.0,0.5,0.5,0.0,0.5,0.5,0.5,0.5,0.5,0.6666666666666666
0.15600919950592018,0.0,1.0,1.0,1.0,1.0,1.0,1.0,1.0,0.5,1.0
0.2397848140110596,0.0,0.5,0.5,0.0,0.5,0.5,0.5,0.5,0.5,0.6666666666666666
0.39319276411141474,0.0,1.0,1.0,1.0,1.0,1.0,1.0,1.0,0.5,1.0
0.9448833628084314,0.0,0.5,0.0,0.5,0.0,0.0,0.5,0.0,1.0,0.3333333333333333
0.3699678437314502,0.0,0.5,0.5,0.0,0.5,0.5,0.5,0.5,0.5,0.6666666666666666
0.7870067716889686,0.5,0.5,0.0,0.0,0.0,0.0,0.0,0.0,0.5,0.0
0.6305062564986672,0.5,1.0,1.0,1.0,1.0,1.0,1.0,1.0,1.0,1.0
0.5568521477774147,0.5,0.5,0.5,0.0,0.0,0.5,0.0,0.0,0.5,0.0
0.6157671157327761,0.5,0.5,0.5,0.0,0.5,0.5,0.0,0.0,0.5,0.6666666666666666
0.2434227750280461,0.5,0.5,0.5,0.0,0.5,0.5,0.5,0.5,0.5,0.6666666666666666
0.7251937945276129,1.0,0.0,0.0,0.5,0.0,0.5,0.0,0.0,1.0,0.3333333333333333
0.332379707703418,1.0,0.0,0.5,0.0,0.5,0.5,0.0,0.0,0.5,0.6666666666666666
0.6227246995559691,1.0,0.0,0.0,0.0,0.5,0.5,0.0,0.5,0.5,0.0
0.5264301687945522,0.0,0.5,0.5,0.0,0.5,0.5,0.0,0.5,0.5,0.6666666666666666
0.2547303086957636,0.0,1.0,1.0,1.0,1.0,1.0,1.0,1.0,0.5,0.0
0.7396190252451293,0.5,0.5,0.5,0.5,0.5,0.5,0.0,0.0,0.5,0.6666666666666666
0.8942069214003936,0.5,0.0,0.0,0.5,0.0,0.0,0.0,0.0,1.0,1.0
0.5851867524745052,0.0,1.0,1.0,1.0,1.0,1.0,1.0,1.0,1.0,1.0
0.5726850816716772,0.5,0.5,0.5,0.5,0.5,0.5,0.5,0.5,0.5,0.6666666666666666
0.22070777048869528,0.0,0.0,0.5,0.0,0.5,0.5,0.0,0.5,0.5,1.0
0.47246680059537693,0.5,0.5,0.5,0.0,0.0,0.5,0.0,0.5,0.5,0.3333333333333333
0.6544424431753948,1.0,0.0,0.5,0.5,0.0,0.0,0.5,0.5,1.0,0.3333333333333333
0.41688013031266014,0.0,0.5,0.5,0.0,0.0,0.5,0.0,0.5,0.5,1.0
0.6039758438360968,0.0,0.0,0.5,0.0,0.5,0.5,0.5,0.5,0.5,0.3333333333333333
0.20461343747375288,0.0,0.0,0.5,0.0,0.5,0.5,0.5,0.5,0.5,0.6666666666666666
0.7261753877563357,0.5,0.5,0.5,0.0,0.5,0.5,0.0,0.5,0.0,0.6666666666666666
0.8062936670712676,0.5,0.5,0.0,0.0,0.0,0.0,0.0,0.0,1.0,0.6666666666666666
0.2115465223203734,0.0,0.0,0.0,0.0,0.5,0.5,0.5,0.5,0.5,0.3333333333333333
0.48644347644901437,0.0,0.0,0.5,0.0,0.0,0.0,0.5,0.0,0.0,0.3333333333333333
0.658394271822604,0.5,0.5,0.5,0.0,0.5,0.5,0.0,0.0,0.5,0.6666666666666666
0.9885285249541358,0.5,0.5,0.0,0.5,0.0,0.0,0.0,0.0,1.0,1.0
0.9729217945425213,0.5,0.5,0.0,0.5,0.0,0.0,0.0,0.0,1.0,0.3333333333333333
0.9919561822972596,0.5,0.5,0.0,0.5,0.0,0.0,0.0,0.0,1.0,0.3333333333333333
0.5647855395143365,0.5,1.0,1.0,1.0,1.0,1.0,1.0,1.0,1.0,1.0
0.8531788217172921,0.5,0.5,0.5,0.5,0.5,0.5,0.0,0.0,0.5,0.6666666666666666
0.6514033472723372,0.0,0.5,0.0,0.5,0.5,0.0,0.0,0.5,0.5,0.6666666666666666
0.3923197494256525,0.0,0.0,0.5,0.5,0.5,0.0,0.5,0.0,0.5,0.0
0.8344602135426364,0.5,0.5,0.5,0.5,0.5,0.5,0.5,0.0,0.5,0.3333333333333333
0.9588242584155914,0.5,0.5,0.0,0.5,0.0,0.5,0.0,0.0,1.0,0.6666666666666666
0.9435411682134486,0.5,0.5,0.0,0.5,0.0,0.0,0.0,0.0,0.0,0.3333333333333333
0.40384264381751817,1.0,0.0,0.5,0.5,0.5,0.0,0.5,0.5,0.5,0.6666666666666666
0.5393673491811518,0.0,0.5,0.5,0.5,0.5,0.0,0.0,0.0,0.5,0.6666666666666666
0.24833051799964417,0.0,0.5,0.5,0.0,0.5,0.5,0.0,0.5,0.5,0.6666666666666666
0.15723458976729043,0.0,1.0,1.0,1.0,1.0,1.0,1.0,1.0,1.0,1.0
0.5964523019736199,0.5,0.0,0.0,0.0,0.5,0.5,0.5,0.5,0.5,0.0
0.8671069344556783,0.5,0.0,0.5,0.5,0.0,0.0,0.0,0.5,1.0,0.0
0.6506008650930734,0.5,0.0,0.0,0.0,0.5,0.5,0.5,0.5,0.0,1.0
0.7444229731055456,0.0,0.0,0.5,0.0,0.0,0.0,0.5,0.5,0.0,0.6666666666666666
0.3841863429349131,0.0,0.5,0.5,0.0,0.5,0.5,0.5,0.0,0.5,0.6666666666666666
0.8578774025953528,0.0,0.5,0.0,0.0,0.0,0.5,0.5,0.5,0.0,0.3333333333333333
0.5840651245128659,0.5,0.5,0.0,0.0,0.0,0.5,0.5,0.5,0.5,0.3333333333333333
0.6995783202994458,1.0,0.0,0.0,0.0,0.0,0.5,0.0,0.0,0.0,0.6666666666666666
0.4988461011341105,0.0,1.0,1.0,1.0,1.0,1.0,1.0,1.0,1.0,0.0
0.38437043346310296,0.0,0.5,0.5,0.5,0.5,0.5,0.5,0.5,0.5,0.6666666666666666
0.36205957402930244,0.0,0.0,0.5,0.5,0.5,0.5,0.0,0.0,0.5,0.0
0.8192297957693553,0.5,0.5,0.5,0.0,0.0,0.5,0.0,0.0,0.5,0.6666666666666666
0.6047086089349692,0.0,1.0,1.0,1.0,1.0,1.0,1.0,1.0,1.0,0.3333333333333333
0.9466503305812993,0.5,0.5,0.5,0.5,0.5,0.5,0.0,0.0,0.0,0.3333333333333333
0.5847724532923835,0.5,0.5,0.0,0.0,0.5,0.5,0.0,0.0,0.5,0.6666666666666666
0.4917415956772913,0.5,1.0,1.0,1.0,1.0,1.0,1.0,1.0,0.0,0.0
0.4489326192094742,0.0,1.0,1.0,1.0,1.0,1.0,1.0,1.0,0.5,0.3333333333333333
0.23900891090336757,0.0,0.5,0.5,0.0,0.5,0.5,0.5,0.5,0.5,0.6666666666666666
0.6117932880534538,0.5,0.5,0.5,0.0,0.5,0.5,0.0,0.0,0.5,0.6666666666666666
0.47414429807426783,0.0,0.0,0.5,0.0,0.5,0.5,0.5,0.5,0.5,0.6666666666666666
0.7617428503755762,0.5,0.5,0.5,0.0,0.0,0.5,0.5,0.5,0.5,0.6666666666666666
0.5874905752687952,0.0,0.5,0.5,0.0,0.5,0.5,0.5,0.0,0.5,0.0
0.23895327426412488,0.0,0.5,0.5,0.0,0.5,0.5,0.5,0.5,0.5,0.6666666666666666
0.5156535231090882,1.0,0.0,0.5,0.5,0.5,0.5,0.0,0.5,0.5,0.6666666666666666
0.784036491372623,0.5,0.5,0.5,0.0,0.5,0.5,0.0,0.5,0.5,0.6666666666666666
0.6257298192089873,1.0,0.0,0.5,0.0,0.0,0.5,0.0,0.0,0.5,0.3333333333333333
0.629461787041383,0.5,0.5,0.5,0.0,0.5,0.5,0.0,0.0,0.5,0.6666666666666666
0.3520639617906214,0.0,0.0,0.5,0.0,0.5,0.5,0.5,0.0,0.5,1.0
0.8238401900669238,0.0,0.0,0.0,0.5,0.0,0.0,0.0,0.0,0.0,1.0
0.4606298691520205,0.0,0.0,0.0,0.0,0.0,0.0,0.0,0.0,0.5,0.0
0.29030496130521866,0.0,1.0,1.0,1.0,1.0,1.0,1.0,1.0,0.5,1.0
0.3855801106369631,1.0,0.0,0.5,0.0,0.5,0.5,0.5,0.5,0.5,0.6666666666666666
0.6277597127360007,0.5,1.0,1.0,1.0,1.0,1.0,1.0,1.0,1.0,0.3333333333333333
0.4573904599880191,0.5,1.0,1.0,1.0,1.0,1.0,1.0,1.0,1.0,1.0
0.7577001444272509,0.0,0.0,0.0,0.5,0.5,0.0,0.5,0.0,0.0,1.0
0.9867115740428478,0.5,0.5,0.0,0.5,0.0,0.0,0.0,0.0,1.0,0.3333333333333333
0.5976444391942584,0.5,0.5,0.5,0.0,0.0,0.0,0.5,0.5,0.0,0.6666666666666666
0.5704740774075777,0.0,0.5,0.5,0.0,0.5,0.5,0.0,0.0,0.5,0.6666666666666666
0.15655618861310533,0.0,1.0,1.0,1.0,1.0,1.0,1.0,1.0,0.5,0.0
0.8904517572931836,0.5,0.5,0.0,0.0,0.5,0.5,0.5,0.5,1.0,0.0
0.6003623454805338,0.0,1.0,1.0,1.0,1.0,1.0,1.0,1.0,1.0,0.6666666666666666
0.3027651096387238,0.0,0.0,0.0,0.0,0.5,0.5,0.0,0.0,0.5,0.6666666666666666
0.1705227194155417,1.0,0.0,0.5,0.0,0.5,0.5,0.5,0.5,0.5,1.0
0.3811550959191163,1.0,0.0,0.5,0.5,0.5,0.5,0.5,0.5,0.5,1.0
0.5373054450307074,0.0,1.0,1.0,1.0,1.0,1.0,1.0,1.0,1.0,0.0
0.77563949881656,0.0,0.0,0.0,0.5,0.5,0.0,0.5,0.5,0.0,1.0
0.8211774473627026,0.5,0.5,0.5,0.5,0.0,0.5,0.5,0.0,0.0,0.6666666666666666
0.6973448558152114,0.0,0.0,0.5,0.0,0.5,0.5,0.5,0.5,0.0,1.0
0.15655618861310533,0.0,1.0,1.0,1.0,1.0,1.0,1.0,1.0,0.5,1.0
0.49580298108270404,0.5,0.5,0.5,0.0,0.5,0.0,0.5,0.0,0.5,0.6666666666666666
0.3751067432010977,1.0,0.0,0.5,0.5,0.5,0.5,0.5,0.0,0.5,0.3333333333333333
0.8189478547909022,0.5,0.0,0.0,0.0,0.0,0.0,0.5,0.5,1.0,0.3333333333333333
0.6029773016753761,0.0,0.0,0.0,0.0,0.0,0.5,0.5,0.5,0.0,0.3333333333333333
0.9052318141982134,0.5,0.5,0.5,0.5,0.0,0.0,0.0,0.0,1.0,0.6666666666666666
0.21448379276904123,0.0,0.0,0.5,0.5,0.5,0.5,0.5,0.5,0.5,1.0
0.8416795445726263,0.0,0.0,0.0,0.0,0.0,0.5,0.0,0.0,0.0,0.3333333333333333
0.47403438966857814,0.0,0.0,0.5,0.5,0.5,0.5,0.0,0.5,0.5,1.0
0.9177388833326926,0.5,0.5,0.5,0.5,0.0,0.5,0.0,0.0,0.0,0.6666666666666666
0.3026027835162038,0.0,0.5,0.5,0.0,0.5,0.5,0.5,0.5,0.5,0.6666666666666666
0.8809650549714264,0.0,0.0,0.0,0.5,0.5,0.0,0.0,0.0,1.0,0.0
0.8234982222263246,0.0,0.5,0.5,0.5,0.5,0.5,0.5,0.0,0.5,0.6666666666666666
0.6427377420569563,0.0,0.0,0.0,0.0,0.5,0.5,0.5,0.5,0.5,0.3333333333333333
0.26363208212874134,0.5,0.5,0.5,0.0,0.5,0.5,0.0,0.0,0.5,0.6666666666666666
0.3479622496809331,0.0,1.0,1.0,1.0,1.0,1.0,1.0,1.0,0.0,0.0
0.5908280168886763,0.0,0.0,0.5,0.5,0.0,0.5,0.5,0.5,0.0,1.0
0.5527195653489104,0.5,1.0,1.0,1.0,1.0,1.0,1.0,1.0,0.5,0.6666666666666666
0.20746198335246385,0.0,0.0,0.5,0.0,0.5,0.5,0.5,0.5,0.5,1.0
0.5206603666731692,0.0,0.0,0.5,0.0,0.0,0.5,0.5,0.5,0.5,1.0
0.3427036094461792,0.0,1.0,1.0,1.0,1.0,1.0,1.0,1.0,0.0,1.0
0.8279229774808985,0.0,0.0,0.0,0.5,0.0,0.0,0.0,0.0,1.0,0.3333333333333333
0.903594112457544,0.5,0.5,0.0,0.5,0.5,0.0,0.5,0.5,0.0,0.6666666666666666
0.15392305710228518,0.0,1.0,1.0,1.0,1.0,1.0,1.0,1.0,0.5,1.0
0.4171516791371831,0.0,0.0,0.5,0.0,0.5,0.5,0.5,0.5,0.5,0.6666666666666666
0.3555449298613578,0.0,1.0,1.0,1.0,1.0,1.0,1.0,1.0,0.5,1.0
0.9949942939792887,0.5,0.5,0.0,0.5,0.0,0.0,0.0,0.0,1.0,0.3333333333333333
0.7131671996329629,0.0,0.0,0.5,0.0,0.0,0.5,0.5,0.5,0.0,0.0
0.3619107436528906,0.0,1.0,1.0,1.0,1.0,1.0,1.0,1.0,0.0,1.0
0.27400131862558974,1.0,0.0,0.0,0.0,0.0,0.0,0.5,0.5,0.5,1.0
0.919644928369632,0.0,0.5,0.0,0.5,0.0,0.5,0.5,0.0,0.0,0.0
0.743286323063111,0.5,0.5,0.5,0.5,0.0,0.5,0.0,0.5,0.5,0.6666666666666666
0.5306987498674389,0.5,0.0,0.5,0.0,0.0,0.5,0.5,0.5,0.0,1.0
0.1969657326829073,0.0,1.0,1.0,1.0,1.0,1.0,1.0,1.0,0.5,1.0
0.20523657088026853,0.0,0.0,0.5,0.0,0.5,0.5,0.5,0.5,0.5,1.0
0.7375091398506961,0.0,0.5,0.5,0.0,0.5,0.5,0.5,0.0,0.5,0.6666666666666666
0.5941305244761979,0.5,0.0,0.0,0.5,0.5,0.0,0.5,0.5,0.5,1.0
0.49934879277060196,0.5,1.0,1.0,1.0,1.0,1.0,1.0,1.0,1.0,0.6666666666666666
0.758586082591539,1.0,0.0,0.5,0.5,0.0,0.0,0.0,0.5,1.0,0.3333333333333333
0.21842746281700537,0.0,0.0,0.5,0.0,0.5,0.5,0.0,0.5,0.5,1.0
0.733154769163783,0.5,0.0,0.5,0.0,0.0,0.0,0.5,0.0,0.0,0.6666666666666666
0.884625461913971,0.0,0.5,0.5,0.5,0.0,0.5,0.0,0.0,0.0,0.3333333333333333
0.4401671246951821,0.0,0.5,0.5,0.0,0.0,0.5,0.0,0.0,0.5,0.6666666666666666
0.41258365296264893,0.0,0.0,0.5,0.5,0.5,0.0,0.5,0.5,0.5,0.0
0.641211896281172,0.5,0.0,0.0,0.5,0.5,0.5,0.0,0.5,0.5,0.0
0.5282989446209925,0.0,1.0,1.0,1.0,1.0,1.0,1.0,1.0,0.0,0.0
0.47419922850702184,0.5,0.5,0.5,0.0,0.5,0.5,0.0,0.0,0.5,0.6666666666666666
0.8926212012469811,0.5,0.5,0.5,0.5,0.5,0.5,0.0,0.0,0.5,0.6666666666666666
0.7988503738895971,0.5,0.5,0.5,0.0,0.5,0.0,0.0,0.0,1.0,1.0
0.35172269927156785,0.5,0.5,0.5,0.0,0.5,0.5,0.5,0.5,0.5,0.6666666666666666
0.544871349372397,0.0,0.5,0.5,0.0,0.0,0.5,0.5,0.5,0.5,0.6666666666666666
0.7647912880179862,0.0,0.5,0.5,0.5,0.0,0.0,0.5,0.5,0.0,0.0
0.7275010076702455,1.0,0.0,0.5,0.0,0.5,0.0,0.5,0.0,1.0,1.0
0.6854419769695829,0.5,0.5,0.5,0.5,0.0,0.5,0.0,0.0,0.5,0.6666666666666666
0.5480341121593011,0.0,0.5,0.5,0.0,0.5,0.5,0.5,0.5,0.5,0.6666666666666666
0.8409669312017449,0.0,0.0,0.0,0.5,0.0,0.0,0.0,0.5,1.0,0.3333333333333333
0.24883997715182588,0.0,0.5,0.5,0.0,0.5,0.5,0.0,0.5,0.5,0.6666666666666666
0.23878619109593496,0.0,0.5,0.5,0.0,0.5,0.5,0.5,0.5,0.5,0.6666666666666666
0.8662374668422923,0.5,0.0,0.0,0.5,0.0,0.0,0.0,0.0,1.0,0.3333333333333333
0.3827616407722275,0.0,1.0,1.0,1.0,1.0,1.0,1.0,1.0,0.5,0.6666666666666666
0.852898587252302,0.5,0.0,0.5,0.5,0.0,0.5,0.0,0.0,0.0,0.6666666666666666
0.6192457421608374,0.5,0.5,0.5,0.0,0.5,0.0,0.0,0.5,0.5,0.6666666666666666
0.9891058396364898,0.5,0.5,0.0,0.5,0.0,0.0,0.0,0.0,1.0,0.0
0.8153635214704201,0.5,0.5,0.5,0.0,0.0,0.0,0.0,0.0,0.0,0.3333333333333333
0.0,0.0,1.0,1.0,1.0,1.0,1.0,1.0,1.0,0.0,1.0
0.5497992236202733,0.5,0.5,0.5,0.0,0.0,0.5,0.5,0.5,0.5,0.0
0.6118221548814134,1.0,0.0,0.5,0.5,0.5,0.5,0.5,0.5,0.5,0.3333333333333333
0.9044473625400877,0.5,0.0,0.0,0.5,0.5,0.0,0.0,0.0,1.0,0.0
0.6893145266731203,0.5,0.5,0.5,0.5,0.0,0.0,0.0,0.0,0.5,0.6666666666666666
0.6002532612687398,0.5,1.0,1.0,1.0,1.0,1.0,1.0,1.0,0.0,1.0
0.8317323396388157,0.0,0.5,0.5,0.5,0.0,0.5,0.0,0.5,0.5,0.3333333333333333
0.41812868573610235,1.0,0.0,0.5,0.5,0.5,0.5,0.5,0.5,0.5,1.0
0.5697276001770742,0.0,0.5,0.5,0.5,0.5,0.5,0.5,0.5,0.5,0.0
0.9647448682522091,0.5,0.5,0.5,0.5,0.0,0.0,0.0,0.0,1.0,0.6666666666666666
0.8844482621169917,0.5,0.5,0.5,0.0,0.0,0.5,0.0,0.0,0.5,0.6666666666666666
0.50854808731902,1.0,0.0,0.5,0.0,0.0,0.5,0.0,0.0,0.5,0.6666666666666666
0.9706798730152878,0.5,0.5,0.0,0.5,0.0,0.0,0.0,0.0,0.0,0.0
0.34751755705493054,0.0,1.0,1.0,1.0,1.0,1.0,1.0,1.0,0.0,1.0
0.3407518184367141,0.5,0.0,0.5,0.0,0.5,0.5,0.5,0.5,0.5,0.6666666666666666
0.4610426245077971,0.0,1.0,1.0,1.0,1.0,1.0,1.0,1.0,1.0,1.0
0.23989520181150897,0.0,0.5,0.5,0.0,0.5,0.5,0.5,0.5,0.5,1.0
0.47772544589613153,0.0,0.5,0.5,0.0,0.0,0.5,0.5,0.5,0.5,0.0
0.4933403670707807,0.0,0.0,0.5,0.5,0.0,0.5,0.5,0.5,0.5,0.6666666666666666
0.5695267335227674,0.5,0.5,0.5,0.0,0.5,0.5,0.5,0.5,0.5,0.6666666666666666
0.3937316777315676,0.5,0.5,0.5,0.0,0.0,0.5,0.5,0.5,0.5,0.0
0.2790031916118913,0.0,1.0,1.0,1.0,1.0,1.0,1.0,1.0,0.5,1.0
0.9699410794039277,0.0,0.5,0.0,0.5,0.0,0.0,0.0,0.0,1.0,0.3333333333333333
0.7568081653038601,0.5,0.5,0.5,0.5,0.5,0.5,0.0,0.0,0.5,0.6666666666666666
0.5818971431154046,0.0,0.0,0.0,0.0,0.0,0.5,0.0,0.5,0.5,0.0
0.6014986567180551,0.5,0.0,0.5,0.0,0.5,0.5,0.5,0.5,0.5,0.6666666666666666
0.38634514498804495,0.0,1.0,1.0,1.0,1.0,1.0,1.0,1.0,0.0,0.0
0.24448553328142192,0.5,0.5,0.5,0.0,0.5,0.5,0.5,0.5,0.5,0.6666666666666666
0.8515990377596282,0.0,0.0,0.0,0.5,0.0,0.5,0.5,0.0,1.0,0.3333333333333333
0.4846623423276384,0.0,0.5,0.5,0.5,0.5,0.5,0.5,0.5,0.5,0.6666666666666666
0.6287791452337126,0.5,1.0,1.0,1.0,1.0,1.0,1.0,1.0,1.0,0.3333333333333333
0.6795006777843132,0.0,0.5,0.0,0.5,0.0,0.0,0.0,0.0,0.5,0.0
0.15655618861310533,0.0,1.0,1.0,1.0,1.0,1.0,1.0,1.0,0.5,0.0
0.8506283087512713,0.5,0.0,0.0,0.5,0.5,0.0,0.0,0.5,1.0,0.3333333333333333
0.784325126593963,0.5,0.5,0.5,0.5,0.5,0.5,0.5,0.5,0.0,0.6666666666666666
0.9222436079554747,0.0,0.5,0.5,0.5,0.0,0.5,0.0,0.0,0.5,0.0
0.7502169586843443,0.0,0.0,0.5,0.0,0.0,0.0,0.5,0.5,1.0,0.3333333333333333
0.9132910252300115,0.5,0.5,0.5,0.5,0.0,0.5,0.5,0.0,0.0,0.6666666666666666
0.4957538313455562,0.0,1.0,1.0,1.0,1.0,1.0,1.0,1.0,1.0,0.0
0.5841755854527132,0.0,1.0,1.0,1.0,1.0,1.0,1.0,1.0,1.0,0.0
0.6463392044730173,0.0,0.5,0.5,0.0,0.0,0.5,0.0,0.5,0.5,0.0
0.5577015626054967,0.5,0.0,0.0,0.0,0.5,0.5,0.5,0.0,0.5,0.0
0.15857405886440482,0.0,1.0,1.0,1.0,1.0,1.0,1.0,1.0,0.5,1.0
0.580554744120234,0.0,1.0,1.0,1.0,1.0,1.0,1.0,1.0,1.0,1.0
0.5783196954417974,0.5,0.5,0.5,0.5,0.5,0.5,0.5,0.0,0.5,0.0
0.8990920097063679,0.5,0.0,0.5,0.5,0.0,0.0,0.0,0.0,1.0,0.3333333333333333
0.7878303408923849,1.0,0.0,0.5,0.5,0.0,0.5,0.0,0.0,1.0,0.3333333333333333
0.9152681551954667,0.5,0.0,0.0,0.5,0.0,0.0,0.0,0.0,1.0,1.0
0.5415197977324585,0.0,1.0,1.0,1.0,1.0,1.0,1.0,1.0,0.0,0.0
0.8068863733115446,0.5,0.5,0.5,0.0,0.0,0.5,0.0,0.0,0.5,0.6666666666666666
0.2967549246905821,1.0,0.0,0.0,0.5,0.5,0.5,0.5,0.5,0.5,0.6666666666666666
0.9876724531943758,0.5,0.5,0.0,0.5,0.0,0.0,0.0,0.0,1.0,0.0
0.5712799708372313,0.0,0.5,0.5,0.0,0.5,0.5,0.5,0.5,0.5,0.6666666666666666
0.30558941933349004,0.0,0.0,0.5,0.5,0.5,0.5,0.5,0.5,0.5,0.3333333333333333
0.5403117112745155,1.0,0.0,0.5,0.0,0.5,0.5,0.0,0.0,0.5,0.6666666666666666
0.8591760743128232,0.5,0.5,0.5,0.5,0.0,0.0,0.5,0.5,0.5,0.6666666666666666
0.24448553328142192,0.0,0.5,0.5,0.5,0.5,0.5,0.5,0.5,0.5,0.6666666666666666
0.8721382636916779,0.5,0.0,0.5,0.5,0.0,0.0,0.0,0.0,1.0,0.3333333333333333
0.9328269893530653,0.5,0.5,0.0,0.5,0.0,0.0,0.5,0.5,1.0,0.3333333333333333
0.5997556804618283,0.5,0.0,0.0,0.5,0.0,0.5,0.5,0.5,0.5,1.0
0.8602861478926547,0.0,0.5,0.0,0.0,0.0,0.0,0.0,0.0,0.5,0.6666666666666666
0.47838212789820467,0.0,1.0,1.0,1.0,1.0,1.0,1.0,1.0,0.5,1.0
0.844654350101471,0.5,0.5,0.5,0.0,0.0,0.0,0.0,0.0,0.5,0.0
0.27935546839929987,1.0,0.0,0.5,0.0,0.5,0.5,0.0,0.5,0.5,0.3333333333333333
0.34671838771913105,1.0,0.0,0.5,0.5,0.5,0.5,0.5,0.5,0.5,1.0
0.7698813401606116,0.5,0.5,0.5,0.0,0.0,0.0,0.0,0.5,0.5,0.6666666666666666
0.38687124866510636,0.0,0.5,0.5,0.0,0.5,0.5,0.5,0.5,0.5,0.6666666666666666
0.9359870744297069,0.5,0.5,0.5,0.5,0.0,0.5,0.5,0.0,1.0,0.3333333333333333
0.4813997030977202,0.5,0.5,0.0,0.5,0.5,0.5,0.5,0.0,0.5,0.3333333333333333
0.8695070684943701,0.5,0.0,0.5,0.5,0.0,0.0,0.0,0.5,1.0,0.3333333333333333
0.6541703122530884,0.0,0.0,0.5,0.5,0.0,0.5,0.0,0.5,0.0,0.3333333333333333
0.4280438679936996,0.5,0.5,0.0,0.0,0.0,0.5,0.5,0.5,0.5,0.6666666666666666
0.20700577126486036,0.0,0.0,0.5,0.0,0.5,0.5,0.5,0.5,0.5,1.0
0.9076924213086751,0.5,0.5,0.5,0.5,0.5,0.5,0.0,0.0,0.0,0.0
0.806220204984457,0.5,0.0,0.5,0.5,0.5,0.0,0.0,0.0,1.0,1.0
0.9203617488819195,0.5,0.0,0.0,0.5,0.0,0.0,0.0,0.0,1.0,0.3333333333333333
0.8924373387191417,0.0,0.0,0.0,0.5,0.5,0.0,0.0,0.0,1.0,0.0
0.46593716265318097,0.0,1.0,1.0,1.0,1.0,1.0,1.0,1.0,1.0,1.0
0.49898156595829835,0.0,0.5,0.5,0.0,0.5,0.5,0.5,0.5,0.5,0.6666666666666666
0.4802536917392545,1.0,0.0,0.5,0.0,0.5,0.5,0.0,0.0,0.5,0.6666666666666666
0.6954749248638228,1.0,0.0,0.5,0.5,0.0,0.5,0.0,0.0,1.0,0.0
0.8695649952826665,0.5,0.5,0.0,0.5,0.0,0.5,0.0,0.5,0.0,0.0
0.7481085643341625,0.0,0.5,0.5,0.0,0.5,0.0,0.5,0.5,0.5,0.6666666666666666
0.8439157352951915,0.5,0.5,0.0,0.5,0.5,0.5,0.0,0.5,0.5,0.0
0.6091458573975067,0.5,1.0,1.0,1.0,1.0,1.0,1.0,1.0,0.0,0.3333333333333333
0.5170560756492508,0.0,0.0,0.0,0.5,0.5,0.5,0.5,0.5,0.0,1.0
0.5914331211809244,0.0,1.0,1.0,1.0,1.0,1.0,1.0,1.0,1.0,0.3333333333333333
0.5662107620599074,0.0,1.0,1.0,1.0,1.0,1.0,1.0,1.0,1.0,1.0
0.7214855217336786,1.0,0.0,0.0,0.0,0.0,0.0,0.5,0.5,1.0,1.0
0.9811208833132578,0.5,0.5,0.5,0.5,0.0,0.0,0.0,0.0,0.0,0.6666666666666666
0.2585705174753259,0.0,0.5,0.5,0.0,0.5,0.5,0.0,0.0,0.5,0.6666666666666666
0.6080516215349195,0.5,0.0,0.5,0.5,0.0,0.5,0.5,0.0,0.0,0.0
0.9544557379964983,0.5,0.5,0.5,0.5,0.0,0.5,0.0,0.0,1.0,0.0
0.238618847309907,0.0,0.5,0.5,0.0,0.5,0.5,0.5,0.5,0.5,0.6666666666666666
0.4676051090982125,1.0,0.0,0.0,0.5,0.5,0.5,0.5,0.5,0.5,1.0
0.6401963127546416,0.5,1.0,1.0,1.0,1.0,1.0,1.0,1.0,1.0,0.3333333333333333
0.7001664522081454,0.5,0.0,0.0,0.5,0.0,0.5,0.0,0.5,0.5,0.0
0.8109286104384531,0.5,0.5,0.5,0.5,0.0,0.5,0.0,0.0,0.5,1.0
0.762851785206679,0.0,0.5,0.5,0.0,0.5,0.5,0.5,0.5,0.5,0.0
0.9103696662377916,0.5,0.0,0.5,0.5,0.0,0.0,0.0,0.0,1.0,0.0
0.5250047714807613,1.0,0.0,0.5,0.5,0.0,0.5,0.5,0.0,0.0,0.0
0.9758101553124274,0.5,0.5,0.5,0.5,0.0,0.0,0.0,0.0,0.0,0.0
0.6327674109195408,0.5,0.0,0.0,0.5,0.5,0.5,0.5,0.5,0.5,0.0
0.6075995870389924,0.0,0.5,0.5,0.0,0.5,0.5,0.5,0.5,0.5,0.6666666666666666
0.7170643970414676,0.5,0.0,0.5,0.0,0.5,0.0,0.0,0.0,0.0,0.0
0.2483815695274076,0.0,0.5,0.5,0.0,0.5,0.5,0.0,0.5,0.5,0.6666666666666666
0.15696393389713656,0.0,1.0,1.0,1.0,1.0,1.0,1.0,1.0,0.5,1.0
0.78004007269314,0.5,0.5,0.5,0.0,0.5,0.5,0.0,0.0,0.5,0.6666666666666666
0.6015046862851718,0.5,0.0,0.5,0.0,0.5,0.5,0.5,0.5,0.5,0.6666666666666666
0.30123116377375453,0.0,0.5,0.5,0.0,0.5,0.5,0.0,0.5,0.5,0.6666666666666666
0.6862811761175629,0.5,0.5,0.5,0.0,0.0,0.0,0.5,0.5,0.5,1.0
0.42891899566114206,0.0,1.0,1.0,1.0,1.0,1.0,1.0,1.0,0.0,1.0
0.4381878407787491,0.0,1.0,1.0,1.0,1.0,1.0,1.0,1.0,1.0,0.3333333333333333
0.9235545003542753,0.5,0.5,0.0,0.5,0.5,0.0,0.5,0.0,0.0,0.6666666666666666
0.359617261335056,0.0,1.0,1.0,1.0,1.0,1.0,1.0,1.0,1.0,1.0
0.37869506278360426,0.0,0.5,0.5,0.0,0.5,0.5,0.5,0.5,0.5,0.6666666666666666
0.9829452385282699,0.5,0.5,0.0,0.5,0.0,0.0,0.0,0.0,1.0,0.0
0.5130720256022702,0.0,1.0,1.0,1.0,1.0,1.0,1.0,1.0,1.0,0.6666666666666666
0.6157841516957167,1.0,0.0,0.0,0.5,0.5,0.0,0.5,0.5,0.0,1.0
0.7211909468680424,0.0,0.5,0.5,0.5,0.0,0.0,0.0,0.0,1.0,0.6666666666666666
0.34520204497026424,1.0,0.0,0.0,0.5,0.0,0.5,0.0,0.0,0.5,1.0
0.20616370976818998,0.0,0.0,0.5,0.0,0.5,0.5,0.5,0.5,0.5,0.6666666666666666
0.41754315378972856,0.5,0.5,0.5,0.0,0.0,0.0,0.5,0.5,0.5,0.6666666666666666
0.5953531113085068,1.0,0.0,0.5,0.5,0.5,0.0,0.5,0.5,0.0,1.0
0.5074660963398463,0.0,1.0,1.0,1.0,1.0,1.0,1.0,1.0,1.0,1.0
0.678555575541885,0.5,0.5,0.5,0.0,0.0,0.5,0.5,0.5,0.5,0.6666666666666666
0.21950699769199766,0.5,0.0,0.5,0.5,0.5,0.5,0.5,0.5,0.5,0.6666666666666666
0.6154943761160939,1.0,0.0,0.5,0.0,0.5,0.0,0.0,0.0,0.5,0.3333333333333333
0.4677301789061803,0.0,0.0,0.5,0.0,0.5,0.0,0.5,0.5,0.5,1.0
0.4894406507501297,0.0,1.0,1.0,1.0,1.0,1.0,1.0,1.0,1.0,1.0
0.7177041494716238,0.5,0.0,0.5,0.0,0.0,0.0,0.5,0.0,0.0,0.3333333333333333
0.8153278532335047,0.5,0.5,0.5,0.0,0.0,0.5,0.0,0.0,0.5,0.6666666666666666
0.1566923398512222,0.0,1.0,1.0,1.0,1.0,1.0,1.0,1.0,0.5,1.0
0.5301429028970541,0.0,0.0,0.0,0.5,0.5,0.5,0.5,0.5,0.5,0.3333333333333333
0.52095573435535,0.0,0.5,0.5,0.0,0.5,0.0,0.0,0.5,0.5,0.6666666666666666
0.4199771547356099,0.0,0.5,0.5,0.0,0.5,0.0,0.5,0.0,0.5,0.3333333333333333
0.8438054233743054,0.5,0.5,0.0,0.5,0.5,0.5,0.0,0.0,0.5,0.6666666666666666
0.45881468110858586,0.5,0.5,0.5,0.0,0.5,0.5,0.5,0.5,0.5,0.6666666666666666
0.21022860180997383,0.0,1.0,1.0,1.0,1.0,1.0,1.0,1.0,0.0,1.0
0.8916032961345651,0.5,0.5,0.5,0.0,0.5,0.5,0.0,0.0,0.0,0.0
0.3504875576099788,0.0,0.5,0.5,0.5,0.5,0.5,0.5,0.0,0.5,0.6666666666666666
0.8282733405726808,0.5,0.5,0.0,0.0,0.0,0.0,0.0,0.0,0.0,0.6666666666666666
0.8004929461356012,0.5,0.5,0.0,0.5,0.5,0.5,0.0,0.5,0.0,0.3333333333333333
0.226882431501448,0.0,0.0,0.0,0.5,0.5,0.0,0.5,0.5,0.5,0.6666666666666666
0.9775333655082712,0.5,0.5,0.5,0.5,0.0,0.0,0.0,0.0,0.0,0.0
0.7363731242489772,0.5,0.0,0.5,0.5,0.5,0.0,0.0,0.5,0.0,0.3333333333333333
0.9412910028942127,0.5,0.5,0.5,0.5,0.0,0.5,0.0,0.0,0.0,0.6666666666666666
0.48387009946546333,0.5,0.5,0.5,0.0,0.5,0.5,0.5,0.5,0.5,0.6666666666666666
0.8561828093977394,0.5,0.0,0.0,0.5,0.5,0.5,0.0,0.5,0.0,0.6666666666666666
0.7531180551577724,0.5,0.5,0.0,0.0,0.5,0.5,0.5,0.5,0.5,1.0
0.7438377792166199,1.0,0.0,0.5,0.5,0.5,0.5,0.0,0.0,0.5,0.6666666666666666
0.6344247831837562,0.5,1.0,1.0,1.0,1.0,1.0,1.0,1.0,1.0,0.3333333333333333
0.22706951458893965,0.5,0.0,0.5,0.0,0.5,0.5,0.5,0.0,0.5,0.6666666666666666
0.8476217078014051,1.0,0.0,0.0,0.5,0.0,0.0,0.0,0.0,1.0,0.0
0.9732402155662365,0.5,0.5,0.5,0.5,0.0,0.0,0.0,0.0,1.0,0.0
0.29452592822408863,0.5,0.0,0.0,0.5,0.5,0.5,0.5,0.5,0.5,0.0
0.248483601996504,0.0,0.5,0.5,0.0,0.5,0.5,0.0,0.5,0.5,0.6666666666666666
0.5038925389947078,0.0,1.0,1.0,1.0,1.0,1.0,1.0,1.0,0.0,0.3333333333333333
0.501910174455849,0.5,0.5,0.5,0.0,0.5,0.5,0.5,0.5,0.5,0.3333333333333333
0.980051661132882,0.5,0.5,0.0,0.5,0.0,0.0,0.0,0.0,1.0,0.3333333333333333
0.7910310485778983,0.5,0.5,0.5,0.0,0.0,0.5,0.0,0.0,0.5,0.6666666666666666
0.6471853263284475,0.5,1.0,1.0,1.0,1.0,1.0,1.0,1.0,1.0,0.3333333333333333
0.881859354789327,0.0,0.5,0.5,0.5,0.5,0.5,0.0,0.0,0.0,0.6666666666666666
0.3357524940136806,0.0,1.0,1.0,1.0,1.0,1.0,1.0,1.0,0.5,1.0
0.6528101558840071,0.0,0.0,0.0,0.0,0.5,0.0,0.5,0.5,0.0,0.0
0.6790771267458452,0.0,0.0,0.5,0.5,0.0,0.0,0.5,0.0,0.0,0.0
0.8285207313125107,0.0,0.5,0.5,0.5,0.0,0.0,0.5,0.5,0.5,0.0
0.8306262236237494,0.5,0.5,0.0,0.5,0.0,0.5,0.0,0.5,1.0,0.0
0.6152270185218197,0.5,1.0,1.0,1.0,1.0,1.0,1.0,1.0,1.0,1.0
0.6111225974426179,1.0,0.0,0.5,0.0,0.0,0.5,0.0,0.0,0.0,0.6666666666666666
0.15777311725192533,0.0,1.0,1.0,1.0,1.0,1.0,1.0,1.0,0.5,1.0
0.25468207634334294,0.5,0.5,0.5,0.0,0.5,0.5,0.5,0.0,0.5,1.0
0.5366539644959977,0.5,1.0,1.0,1.0,1.0,1.0,1.0,1.0,1.0,1.0
0.6900738506385082,0.0,0.5,0.0,0.0,0.5,0.5,0.0,0.0,0.5,0.6666666666666666
0.4792399603955923,0.5,0.0,0.0,0.5,0.5,0.5,0.5,0.5,0.5,0.0
0.8126354673901237,0.0,0.0,0.0,0.5,0.0,0.0,0.0,0.0,0.0,0.0
0.9688701310495046,0.5,0.5,0.5,0.5,0.0,0.0,0.0,0.0,1.0,0.6666666666666666
0.9110464966581879,0.5,0.5,0.0,0.5,0.0,0.5,0.0,0.5,1.0,0.3333333333333333
0.31188182810541554,0.0,0.0,0.5,0.0,0.0,0.5,0.0,0.5,0.5,0.6666666666666666
0.6365931368731443,1.0,0.0,0.0,0.0,0.0,0.0,0.5,0.5,1.0,1.0
0.3701694660712732,0.0,0.5,0.5,0.0,0.0,0.5,0.5,0.5,0.5,0.6666666666666666
0.5378588413132576,0.5,0.0,0.0,0.5,0.5,0.0,0.0,0.5,0.5,0.6666666666666666
0.30587485633472805,0.5,0.5,0.5,0.5,0.5,0.5,0.5,0.5,0.5,0.6666666666666666
0.7898317726658461,0.5,0.5,0.5,0.5,0.5,0.5,0.0,0.0,0.5,0.6666666666666666
0.1694848384910086,1.0,0.0,0.5,0.0,0.5,0.5,0.5,0.5,0.5,1.0
0.3743633691618041,1.0,0.0,0.5,0.0,0.5,0.0,0.5,0.5,0.5,0.6666666666666666
0.46917946482561756,1.0,0.0,0.5,0.0,0.0,0.5,0.0,0.0,0.5,0.0
0.35458741662299254,0.0,0.0,0.5,0.5,0.5,0.0,0.0,0.0,0.5,0.6666666666666666
0.46694427157280544,1.0,0.0,0.5,0.0,0.0,0.0,0.5,0.5,0.5,0.6666666666666666
0.5478430456891609,0.0,0.0,0.5,0.5,0.5,0.5,0.0,0.5,0.0,0.6666666666666666
0.5555570763135093,1.0,0.0,0.5,0.5,0.5,0.5,0.5,0.0,0.0,0.6666666666666666
0.5520906379051205,1.0,0.0,0.5,0.0,0.0,0.5,0.0,0.0,0.5,0.6666666666666666
0.46803681662246543,0.0,0.0,0.5,0.5,0.5,0.5,0.5,0.5,0.5,0.6666666666666666
0.40896789933323224,1.0,0.0,0.5,0.5,0.5,0.5,0.5,0.5,0.5,0.6666666666666666
0.41963579869317147,0.5,0.5,0.5,0.0,0.5,0.5,0.0,0.5,0.5,0.6666666666666666
0.36222948631205776,0.0,0.5,0.5,0.0,0.5,0.5,0.5,0.5,0.5,0.6666666666666666
0.3787522693043418,0.0,0.5,0.5,0.0,0.5,0.5,0.5,0.0,0.5,0.6666666666666666
0.8806738918603239,0.5,0.5,0.5,0.0,0.0,0.5,0.0,0.0,0.0,0.6666666666666666
0.8601335870969056,0.5,0.5,0.5,0.0,0.0,0.0,0.5,0.0,1.0,0.0
0.24873827260319148,1.0,0.0,0.5,0.5,0.5,0.5,0.5,0.5,0.5,0.6666666666666666
0.43254191992675,0.0,1.0,1.0,1.0,1.0,1.0,1.0,1.0,0.5,0.6666666666666666
0.15559642660290737,0.0,1.0,1.0,1.0,1.0,1.0,1.0,1.0,0.5,1.0
0.5400740298156335,0.5,0.0,0.0,0.0,0.0,0.5,0.0,0.0,0.5,0.6666666666666666
0.5380990006578844,0.0,1.0,1.0,1.0,1.0,1.0,1.0,1.0,1.0,0.3333333333333333
0.3247483504350357,0.0,0.5,0.5,0.5,0.5,0.5,0.0,0.5,0.5,0.0
0.8523129691490435,0.5,0.5,0.5,0.0,0.5,0.5,0.0,0.5,0.5,0.0
0.36345566770247556,0.0,1.0,1.0,1.0,1.0,1.0,1.0,1.0,1.0,0.6666666666666666
0.7325095762834767,0.5,0.5,0.5,0.0,0.5,0.5,0.5,0.5,0.5,0.6666666666666666
0.24132005360756092,1.0,0.0,0.0,0.5,0.5,0.5,0.5,0.0,0.5,0.6666666666666666
0.15532002430619524,0.0,1.0,1.0,1.0,1.0,1.0,1.0,1.0,0.5,0.6666666666666666
0.4225962414197643,1.0,0.0,0.5,0.0,0.5,0.5,0.5,0.5,0.5,1.0
0.6397333125756302,0.0,0.0,0.0,0.5,0.5,0.0,0.5,0.5,0.5,1.0
0.46412684411338784,0.0,1.0,1.0,1.0,1.0,1.0,1.0,1.0,0.0,1.0
0.8685881502456237,0.0,0.5,0.0,0.0,0.0,0.5,0.0,0.0,0.0,0.6666666666666666
0.6640789476206995,0.5,0.0,0.0,0.5,0.5,0.5,0.5,0.5,0.5,1.0
0.8298255339848142,0.5,0.5,0.5,0.0,0.0,0.5,0.5,0.5,0.5,0.6666666666666666
0.19789367243362183,0.0,1.0,1.0,1.0,1.0,1.0,1.0,1.0,0.5,0.0
0.4825284343371305,0.5,0.5,0.5,0.0,0.5,0.5,0.5,0.5,0.5,0.6666666666666666
0.5142861567784246,0.0,0.0,0.0,0.5,0.5,0.0,0.5,0.0,0.5,0.0
0.48281221638803407,0.0,1.0,1.0,1.0,1.0,1.0,1.0,1.0,0.0,0.0
0.2751803923095131,1.0,0.0,0.5,0.5,0.5,0.0,0.5,0.5,0.5,1.0
0.939597294215758,0.5,0.5,0.0,0.5,0.0,0.5,0.0,0.5,1.0,0.3333333333333333
0.37296481602468445,0.0,0.0,0.0,0.5,0.5,0.0,0.5,0.5,0.5,0.3333333333333333
0.7438552130040351,0.0,0.5,0.0,0.0,0.5,0.0,0.0,0.5,1.0,0.6666666666666666
0.6839160218815715,0.5,0.5,0.0,0.0,0.0,0.5,0.0,0.0,0.5,0.6666666666666666
0.9495178608467051,0.5,0.5,0.0,0.5,0.5,0.0,0.0,0.0,0.0,0.3333333333333333
0.38283596772929723,0.5,0.5,0.5,0.5,0.0,0.5,0.0,0.0,0.5,1.0
0.5215278953387903,0.0,1.0,1.0,1.0,1.0,1.0,1.0,1.0,1.0,1.0
0.9954401944421819,0.5,0.5,0.0,0.5,0.0,0.0,0.0,0.0,1.0,0.3333333333333333
0.7801694289034699,1.0,0.0,0.5,0.5,0.0,0.0,0.0,0.0,0.5,0.0
0.7143239505780283,0.5,0.5,0.5,0.5,0.5,0.5,0.5,0.0,0.5,0.6666666666666666
0.4422292022394691,1.0,0.0,0.5,0.0,0.5,0.5,0.5,0.5,0.5,0.3333333333333333
0.9871144514852872,0.5,0.5,0.0,0.5,0.0,0.0,0.0,0.0,1.0,0.3333333333333333
0.7088743848885611,0.0,0.5,0.5,0.0,0.5,0.0,0.0,0.5,0.5,0.6666666666666666
0.3666434515731271,0.0,0.5,0.5,0.0,0.5,0.0,0.5,0.0,0.5,0.6666666666666666
0.9259791327136607,0.5,0.5,0.0,0.5,0.0,0.0,0.0,0.5,0.0,0.3333333333333333
0.6581454774397121,0.0,0.0,0.5,0.0,0.5,0.0,0.5,0.5,1.0,0.0
0.5293605727912888,0.0,0.5,0.5,0.0,0.5,0.5,0.0,0.0,0.5,0.6666666666666666
0.15349900205314293,0.0,1.0,1.0,1.0,1.0,1.0,1.0,1.0,0.5,1.0
0.7341378407011829,0.5,0.5,0.5,0.0,0.0,0.0,0.0,0.0,0.5,0.6666666666666666
0.34221814064569733,0.0,0.5,0.5,0.0,0.0,0.0,0.5,0.5,0.5,0.3333333333333333
0.7020083245392911,0.5,0.5,0.5,0.0,0.0,0.0,0.0,0.0,0.5,1.0
0.6552909803949913,0.5,0.0,0.5,0.0,0.0,0.5,0.5,0.5,0.0,0.6666666666666666
0.473362571011784,0.0,1.0,1.0,1.0,1.0,1.0,1.0,1.0,0.5,1.0
0.16960080222952628,0.5,1.0,1.0,1.0,1.0,1.0,1.0,1.0,0.5,1.0
0.5577965515701784,0.5,0.5,0.5,0.5,0.5,0.5,0.5,0.5,0.5,0.6666666666666666
0.22454664212227454,0.0,1.0,1.0,1.0,1.0,1.0,1.0,1.0,0.5,1.0
0.6298854664635168,0.5,0.5,0.5,0.0,0.5,0.5,0.0,0.0,0.5,0.6666666666666666
0.8944156401578999,0.5,0.5,0.0,0.0,0.0,0.5,0.5,0.0,1.0,0.0
0.7184874569692972,0.5,0.5,0.0,0.5,0.5,0.5,0.5,0.0,0.5,0.3333333333333333
0.5635220413501297,0.0,0.5,0.0,0.0,0.5,0.5,0.5,0.5,0.5,1.0
0.8588291495502344,0.5,0.5,0.0,0.5,0.5,0.5,0.0,0.0,0.0,0.3333333333333333
0.6609116249248584,0.5,0.0,0.0,0.5,0.0,0.0,0.5,0.5,0.5,0.6666666666666666
0.39451079737555006,0.5,0.5,0.5,0.0,0.0,0.5,0.0,0.5,0.5,0.6666666666666666
0.5808053977333604,0.0,1.0,1.0,1.0,1.0,1.0,1.0,1.0,1.0,1.0
0.3041528133715843,1.0,0.0,0.5,0.0,0.5,0.5,0.5,0.5,0.5,0.6666666666666666
0.7518322772145389,0.0,0.5,0.5,0.5,0.0,0.5,0.0,0.0,0.5,0.6666666666666666
0.46652148590142967,0.0,0.5,0.5,0.0,0.5,0.5,0.0,0.0,0.5,0.6666666666666666
0.833687276835023,0.0,0.5,0.0,0.5,0.5,0.0,0.0,0.0,0.0,0.3333333333333333
0.4832947409037742,0.0,1.0,1.0,1.0,1.0,1.0,1.0,1.0,0.0,0.0
0.3377231617323701,0.0,0.0,0.5,0.5,0.5,0.5,0.5,0.5,0.5,1.0
0.3244176212625674,0.0,1.0,1.0,1.0,1.0,1.0,1.0,1.0,0.0,0.3333333333333333
0.6991036147380966,1.0,0.0,0.0,0.5,0.5,0.5,0.5,0.5,1.0,0.0
0.43080947949075366,1.0,0.0,0.0,0.0,0.0,0.0,0.5,0.0,0.0,1.0
0.853760449235301,0.5,0.0,0.5,0.5,0.0,0.5,0.0,0.0,1.0,0.0
0.9125186258599173,0.5,0.0,0.0,0.5,0.0,0.0,0.0,0.0,1.0,0.0
0.7587947314807089,0.0,0.5,0.5,0.0,0.5,0.5,0.0,0.0,0.0,0.3333333333333333
0.9551615910112191,0.5,0.5,0.0,0.5,0.0,0.0,0.0,0.0,0.0,0.6666666666666666
0.205469200283125,0.0,0.0,0.5,0.0,0.5,0.5,0.5,0.5,0.5,0.6666666666666666
0.8867357974629293,0.5,0.5,0.0,0.5,0.5,0.5,0.0,0.0,0.5,0.0
0.6043931429014877,0.5,0.0,0.5,0.0,0.5,0.0,0.5,0.5,0.0,1.0
0.6540779158854789,0.5,0.5,0.5,0.0,0.5,0.5,0.5,0.5,0.5,0.0
0.5881683157481162,0.5,1.0,1.0,1.0,1.0,1.0,1.0,1.0,1.0,0.3333333333333333
0.9375328468122043,0.5,0.5,0.5,0.5,0.5,0.0,0.0,0.0,0.0,0.6666666666666666
0.8789868796044403,0.5,0.5,0.0,0.5,0.0,0.0,0.5,0.5,0.0,0.6666666666666666
0.8421537412491025,0.0,0.0,0.0,0.5,0.5,0.5,0.0,0.0,0.0,0.3333333333333333
0.7771488491454278,0.0,0.0,0.0,0.0,0.0,0.0,0.0,0.0,1.0,1.0
0.8977356751689219,0.5,0.0,0.0,0.5,0.0,0.5,0.0,0.0,1.0,0.3333333333333333
0.16796230751296037,1.0,0.0,0.5,0.0,0.5,0.5,0.5,0.5,0.5,0.6666666666666666
0.6317271992347205,0.5,1.0,1.0,1.0,1.0,1.0,1.0,1.0,1.0,0.0
0.5336768887804224,0.0,0.0,0.0,0.0,0.5,0.5,0.5,0.5,0.0,0.0
0.6323433649418785,0.5,1.0,1.0,1.0,1.0,1.0,1.0,1.0,1.0,1.0
0.4272354180578214,0.0,0.5,0.0,0.0,0.5,0.5,0.5,0.5,0.5,0.6666666666666666
0.9140962315711848,0.5,0.0,0.0,0.5,0.0,0.0,0.0,0.0,1.0,0.0
0.3142521332715964,0.0,0.5,0.5,0.5,0.5,0.5,0.5,0.5,0.5,0.6666666666666666
0.2605577980922934,0.0,0.5,0.5,0.5,0.5,0.0,0.0,0.5,0.5,0.6666666666666666
0.7503874189902928,0.0,0.5,0.5,0.0,0.0,0.5,0.5,0.5,0.5,0.6666666666666666
0.7559401867376848,0.5,0.5,0.0,0.0,0.5,0.5,0.0,0.0,0.5,0.3333333333333333
0.4593028501863671,0.0,0.0,0.0,0.0,0.5,0.0,0.5,0.0,0.5,0.0
0.22934946160791703,0.5,1.0,1.0,1.0,1.0,1.0,1.0,1.0,0.5,1.0
0.3479155037370043,0.5,0.5,0.5,0.0,0.5,0.5,0.5,0.5,0.5,0.3333333333333333
0.4087462393028415,0.0,1.0,1.0,1.0,1.0,1.0,1.0,1.0,0.5,1.0
0.8328346088431627,0.5,0.5,0.5,0.0,0.0,0.5,0.5,0.0,0.5,0.3333333333333333
0.9612201100947467,0.0,0.5,0.0,0.5,0.0,0.0,0.0,0.0,0.0,0.0
0.3891014668158558,0.0,1.0,1.0,1.0,1.0,1.0,1.0,1.0,0.5,0.3333333333333333
0.5516703430790145,0.0,1.0,1.0,1.0,1.0,1.0,1.0,1.0,1.0,1.0
0.9602907666664995,0.5,0.5,0.0,0.0,0.0,0.0,0.0,0.0,1.0,0.0
0.22549999963760375,1.0,0.0,0.5,0.0,0.5,0.5,0.5,0.5,0.5,0.6666666666666666
0.45128288592929616,0.0,1.0,1.0,1.0,1.0,1.0,1.0,1.0,0.5,1.0
0.42387649605962413,0.5,1.0,1.0,1.0,1.0,1.0,1.0,1.0,0.5,0.3333333333333333
0.15736956826273396,0.0,1.0,1.0,1.0,1.0,1.0,1.0,1.0,0.5,1.0
0.8932153673609176,0.5,0.5,0.0,0.0,0.5,0.0,0.0,0.0,0.5,1.0
0.9356836004576887,0.5,0.5,0.5,0.0,0.0,0.5,0.0,0.0,0.0,0.0
0.7042078077326135,0.0,0.0,0.5,0.5,0.0,0.0,0.0,0.5,0.0,0.3333333333333333
0.37796863311508805,0.5,1.0,1.0,1.0,1.0,1.0,1.0,1.0,1.0,1.0
0.23044077684242048,0.0,1.0,1.0,1.0,1.0,1.0,1.0,1.0,0.5,1.0
0.5630303195107155,0.5,0.5,0.5,0.0,0.5,0.5,0.0,0.0,0.5,0.6666666666666666
0.3601347395169269,0.0,0.5,0.5,0.0,0.0,0.5,0.5,0.0,0.5,0.3333333333333333
0.3008036530870562,0.0,0.5,0.5,0.0,0.5,0.5,0.5,0.5,0.5,1.0
0.35790116369727193,0.5,1.0,1.0,1.0,1.0,1.0,1.0,1.0,1.0,0.0
0.24469684938342318,0.0,0.5,0.5,0.0,0.0,0.5,0.5,0.5,0.5,0.6666666666666666
0.9393498158486979,0.5,0.5,0.0,0.0,0.0,0.0,0.0,0.0,1.0,0.0
0.8990601828851865,0.5,0.5,0.5,0.5,0.5,0.5,0.5,0.0,0.5,0.6666666666666666
0.36508916831251564,0.0,1.0,1.0,1.0,1.0,1.0,1.0,1.0,1.0,0.3333333333333333
0.536516980266494,0.0,1.0,1.0,1.0,1.0,1.0,1.0,1.0,1.0,1.0
0.43465308248702994,0.0,0.5,0.5,0.0,0.5,0.5,0.5,0.5,0.5,0.0
0.5410468503422079,0.0,1.0,1.0,1.0,1.0,1.0,1.0,1.0,0.0,0.0
0.3223043047539929,0.0,0.0,0.5,0.0,0.5,0.0,0.5,0.5,0.5,1.0
0.7484896292010766,0.0,0.0,0.5,0.5,0.0,0.5,0.5,0.0,0.0,0.6666666666666666
0.6393571347795883,1.0,0.0,0.0,0.0,0.5,0.0,0.5,0.5,1.0,0.0
0.4284819808679653,0.0,0.5,0.5,0.0,0.5,0.5,0.0,0.0,0.5,0.6666666666666666
0.6415852880471307,1.0,0.0,0.5,0.0,0.0,0.0,0.0,0.0,0.5,0.6666666666666666
0.15655618861310533,0.0,1.0,1.0,1.0,1.0,1.0,1.0,1.0,0.5,1.0
0.7734460460215209,0.5,0.5,0.5,0.5,0.0,0.0,0.5,0.5,0.0,0.6666666666666666
0.7545728710085462,1.0,0.0,0.5,0.5,0.0,0.0,0.0,0.0,0.0,0.6666666666666666
0.9377417316058989,0.0,0.5,0.5,0.5,0.0,0.0,0.0,0.0,1.0,0.0
0.42272761374249324,0.0,1.0,1.0,1.0,1.0,1.0,1.0,1.0,1.0,0.3333333333333333
0.6488243991518783,0.5,0.5,0.5,0.0,0.5,0.0,0.0,0.0,0.0,0.6666666666666666
0.48598938700253497,0.0,1.0,1.0,1.0,1.0,1.0,1.0,1.0,0.0,0.6666666666666666
0.7087004746466946,0.0,0.0,0.0,0.0,0.5,0.0,0.5,0.5,1.0,0.0
0.9355747444722264,0.5,0.5,0.5,0.5,0.5,0.5,0.0,0.0,0.0,0.6666666666666666
0.5489336788878506,0.5,0.5,0.5,0.5,0.5,0.5,0.0,0.5,0.5,0.0
0.4189361212219968,0.0,0.5,0.5,0.0,0.0,0.5,0.0,0.0,0.5,0.6666666666666666
0.8746072767919592,0.0,0.5,0.0,0.0,0.0,0.5,0.5,0.5,1.0,0.3333333333333333
0.5044298054383547,0.0,0.5,0.5,0.0,0.5,0.5,0.0,0.0,0.5,1.0
0.9015990956664173,0.5,0.0,0.0,0.5,0.0,0.5,0.0,0.0,1.0,1.0
0.6825512242859622,0.0,0.5,0.5,0.0,0.5,0.5,0.0,0.0,0.5,0.6666666666666666
0.6277813320317355,0.5,0.5,0.0,0.5,0.5,0.0,0.5,0.5,0.5,0.3333333333333333
0.7105210436649149,0.0,0.5,0.5,0.5,0.0,0.5,0.5,0.5,0.5,0.3333333333333333
0.8589559992702704,0.5,0.0,0.0,0.5,0.0,0.0,0.5,0.0,0.0,0.3333333333333333
0.8503384872750496,0.5,0.5,0.5,0.0,0.5,0.0,0.5,0.0,0.0,0.6666666666666666
0.4622754222981809,0.0,0.5,0.5,0.0,0.0,0.5,0.0,0.5,0.5,0.6666666666666666
0.7128324658540298,0.0,0.0,0.0,0.5,0.0,0.0,0.0,0.5,0.0,1.0
0.9148955162045392,0.5,0.5,0.0,0.0,0.0,0.5,0.0,0.0,0.0,0.6666666666666666
0.7590793126295288,0.0,0.0,0.5,0.0,0.5,0.0,0.5,0.5,0.0,0.3333333333333333
0.2715660205869068,0.0,1.0,1.0,1.0,1.0,1.0,1.0,1.0,0.5,1.0
0.6994433596276975,0.0,0.5,0.0,0.5,0.0,0.5,0.5,0.5,0.5,0.3333333333333333
0.6988987426652215,1.0,0.0,0.0,0.5,0.5,0.5,0.5,0.0,1.0,0.0
0.4223916851348046,0.0,0.5,0.5,0.0,0.0,0.5,0.5,0.5,0.5,0.6666666666666666
0.7052188280557202,0.5,0.5,0.5,0.0,0.5,0.5,0.0,0.5,0.5,0.6666666666666666
0.7953013491975747,0.5,0.5,0.0,0.5,0.0,0.0,0.5,0.0,1.0,0.3333333333333333
0.35851165430605353,0.5,0.0,0.5,0.0,0.5,0.0,0.0,0.5,0.5,1.0
0.837995826032899,0.5,0.0,0.0,0.0,0.0,0.0,0.0,0.0,0.5,0.6666666666666666
0.5393593956550945,0.0,0.0,0.5,0.0,0.0,0.5,0.5,0.0,0.5,0.6666666666666666
0.9681939583132113,0.5,0.5,0.0,0.5,0.0,0.0,0.5,0.0,1.0,0.3333333333333333
0.5693048785383653,0.0,1.0,1.0,1.0,1.0,1.0,1.0,1.0,1.0,0.3333333333333333
0.8354527069797713,1.0,0.0,0.0,0.5,0.0,0.0,0.0,0.0,1.0,0.0
0.49399610234120256,0.5,1.0,1.0,1.0,1.0,1.0,1.0,1.0,0.5,1.0
0.7606165309674459,0.5,0.5,0.0,0.0,0.0,0.5,0.5,0.0,0.5,0.0
0.5088798483393123,1.0,0.0,0.5,0.0,0.5,0.5,0.5,0.5,0.5,0.6666666666666666
0.8565566660721007,0.5,0.5,0.5,0.0,0.0,0.0,0.5,0.0,1.0,0.0
0.3051441652431693,0.0,1.0,1.0,1.0,1.0,1.0,1.0,1.0,0.5,1.0
0.19963986719794086,0.0,1.0,1.0,1.0,1.0,1.0,1.0,1.0,0.5,1.0
0.9417981092275867,0.5,0.5,0.5,0.5,0.0,0.0,0.0,0.0,0.5,0.3333333333333333
0.6130429158743258,0.0,0.5,0.5,0.0,0.0,0.0,0.5,0.0,0.5,0.6666666666666666
0.8070836889608042,0.5,0.0,0.0,0.0,0.0,0.0,0.5,0.5,0.0,0.6666666666666666
0.9243520909471111,0.5,0.5,0.0,0.0,0.0,0.0,0.5,0.0,1.0,0.3333333333333333
0.7519339943430423,0.0,0.0,0.0,0.5,0.5,0.0,0.5,0.5,0.0,0.0
0.33398605074083854,0.5,0.0,0.5,0.0,0.5,0.5,0.5,0.5,0.5,0.3333333333333333
0.6945308939437487,0.5,0.0,0.5,0.5,0.5,0.5,0.5,0.5,0.5,0.3333333333333333
0.24985192755080227,0.0,0.5,0.5,0.0,0.5,0.5,0.0,0.5,0.5,0.6666666666666666
0.9333328925293737,0.5,0.5,0.0,0.5,0.0,0.5,0.0,0.0,0.5,0.3333333333333333
0.6000834740459796,0.0,0.5,0.5,0.5,0.0,0.5,0.0,0.5,0.5,0.3333333333333333
0.903365800513791,0.0,0.0,0.0,0.5,0.0,0.0,0.0,0.0,1.0,1.0
0.5482173775654685,0.0,0.5,0.5,0.0,0.5,0.5,0.0,0.0,0.5,0.0
0.3580758441251628,0.0,1.0,1.0,1.0,1.0,1.0,1.0,1.0,0.5,1.0
0.40106183954714025,0.0,0.0,0.0,0.0,0.5,0.5,0.5,0.5,0.5,0.6666666666666666
0.5879000151640511,1.0,0.0,0.5,0.0,0.5,0.5,0.0,0.0,0.5,0.6666666666666666
0.40815900617870143,0.0,1.0,1.0,1.0,1.0,1.0,1.0,1.0,1.0,1.0
0.243369364247147,0.0,0.5,0.5,0.0,0.5,0.0,0.5,0.5,0.5,1.0
0.380515409550703,0.0,0.5,0.5,0.5,0.5,0.5,0.0,0.0,0.5,0.6666666666666666
0.5255913809481326,0.0,1.0,1.0,1.0,1.0,1.0,1.0,1.0,1.0,0.6666666666666666
0.8019491441681134,0.5,0.5,0.5,0.0,0.5,0.0,0.0,0.0,0.5,0.6666666666666666
0.2760672047043506,0.0,1.0,1.0,1.0,1.0,1.0,1.0,1.0,0.5,1.0
0.7893782014586426,0.5,0.5,0.5,0.0,0.5,0.0,0.0,0.0,0.5,0.6666666666666666
0.15573426062705914,0.0,1.0,1.0,1.0,1.0,1.0,1.0,1.0,0.5,1.0
0.8522079340999779,0.5,0.5,0.5,0.5,0.0,0.0,0.0,0.0,1.0,0.0
0.6524334851712358,0.5,0.0,0.0,0.0,0.5,0.5,0.5,0.0,0.5,0.6666666666666666
0.24730450490874706,0.0,0.5,0.5,0.0,0.5,0.5,0.0,0.5,0.5,0.6666666666666666
0.7421696844919368,0.0,0.0,0.0,0.5,0.0,0.0,0.0,0.0,0.0,0.0
0.9541421856511649,0.5,0.5,0.0,0.0,0.0,0.0,0.0,0.0,1.0,0.6666666666666666
0.5586277809919558,0.0,0.5,0.5,0.0,0.0,0.5,0.5,0.5,0.5,0.6666666666666666
0.8556804423322174,0.5,0.5,0.0,0.5,0.5,0.0,0.0,0.0,0.5,0.6666666666666666
0.9194349940355857,0.5,0.0,0.0,0.5,0.0,0.0,0.0,0.0,1.0,0.3333333333333333
0.8802837838771844,0.5,0.5,0.5,0.0,0.0,0.5,0.5,0.0,0.5,1.0
0.15434479786573854,0.0,1.0,1.0,1.0,1.0,1.0,1.0,1.0,0.5,1.0
0.25424705507744627,0.5,0.5,0.5,0.0,0.5,0.5,0.5,0.0,0.5,0.6666666666666666
0.726890817574676,0.0,0.0,0.0,0.0,0.0,0.5,0.5,0.0,0.0,0.3333333333333333
0.20624056721041145,0.0,0.0,0.5,0.0,0.5,0.5,0.5,0.5,0.5,1.0
0.9750336968331977,0.5,0.5,0.0,0.5,0.0,0.5,0.0,0.0,0.0,0.3333333333333333
0.5894416787622845,0.0,1.0,1.0,1.0,1.0,1.0,1.0,1.0,1.0,1.0
0.20585566140498796,0.0,0.0,0.5,0.0,0.5,0.5,0.5,0.5,0.5,0.6666666666666666
0.6774516046828518,0.0,0.5,0.0,0.5,0.5,0.0,0.0,0.0,0.5,0.6666666666666666
0.8858125010167313,0.5,0.5,0.5,0.5,0.0,0.5,0.0,0.0,0.5,0.6666666666666666
0.9399332863746729,0.5,0.5,0.5,0.5,0.0,0.0,0.0,0.0,0.5,0.6666666666666666
0.4277039255516916,0.0,1.0,1.0,1.0,1.0,1.0,1.0,1.0,1.0,1.0
0.2289831309663427,0.0,1.0,1.0,1.0,1.0,1.0,1.0,1.0,0.5,1.0
0.33946876011528343,0.0,1.0,1.0,1.0,1.0,1.0,1.0,1.0,0.0,1.0
0.47807021502907415,0.0,0.5,0.5,0.0,0.5,0.5,0.5,0.5,0.5,1.0
0.47254437975871555,0.5,0.5,0.5,0.0,0.5,0.5,0.5,0.5,0.5,0.6666666666666666
0.45470375013787323,0.5,1.0,1.0,1.0,1.0,1.0,1.0,1.0,1.0,0.3333333333333333
0.4467554031948536,0.0,0.5,0.5,0.5,0.5,0.5,0.0,0.5,0.5,0.6666666666666666
0.8175588387108395,0.5,0.5,0.0,0.0,0.0,0.5,0.0,0.0,0.0,0.0
0.4739464172579071,0.0,1.0,1.0,1.0,1.0,1.0,1.0,1.0,1.0,1.0
0.15532002430619524,0.0,1.0,1.0,1.0,1.0,1.0,1.0,1.0,0.5,1.0
0.8504048252659551,0.5,0.5,0.5,0.5,0.0,0.5,0.0,0.0,0.5,0.6666666666666666
0.8794144930477041,0.0,0.5,0.0,0.0,0.0,0.0,0.0,0.0,0.0,0.0
0.8975076720347597,0.5,0.0,0.5,0.5,0.0,0.0,0.0,0.0,1.0,0.3333333333333333
0.15655618861310533,0.0,1.0,1.0,1.0,1.0,1.0,1.0,1.0,0.5,1.0
0.2635874588080915,1.0,0.0,0.5,0.0,0.5,0.0,0.5,0.5,0.5,1.0
0.8643810072742697,0.0,0.0,0.5,0.5,0.5,0.0,0.0,0.0,1.0,0.3333333333333333
0.5723910769954125,0.0,1.0,1.0,1.0,1.0,1.0,1.0,1.0,1.0,0.3333333333333333
0.8814549802500482,0.5,0.0,0.0,0.5,0.0,0.0,0.0,0.0,1.0,1.0
0.6242593108349269,0.5,0.5,0.5,0.0,0.0,0.0,0.5,0.0,0.5,0.0
0.9419726119847883,0.5,0.5,0.5,0.0,0.0,0.5,0.0,0.0,0.5,0.3333333333333333
0.5679621368740595,0.5,0.5,0.5,0.5,0.0,0.0,0.0,0.0,0.5,0.6666666666666666
0.6026595143704138,0.5,0.5,0.5,0.0,0.5,0.5,0.5,0.0,0.5,0.6666666666666666
0.5090271236235968,0.0,1.0,1.0,1.0,1.0,1.0,1.0,1.0,1.0,1.0
0.8340649323156918,1.0,0.0,0.0,0.5,0.0,0.0,0.0,0.0,1.0,0.3333333333333333
0.8771645127733029,0.5,0.5,0.0,0.5,0.0,0.5,0.0,0.0,0.0,0.6666666666666666
0.8130227106712726,1.0,0.0,0.5,0.5,0.0,0.0,0.0,0.0,1.0,0.0
0.9298131134883298,0.5,0.5,0.0,0.0,0.0,0.0,0.5,0.0,0.0,0.0
0.4813150464259016,1.0,0.0,0.5,0.0,0.5,0.5,0.0,0.0,0.5,0.6666666666666666
0.30663299643104475,0.5,1.0,1.0,1.0,1.0,1.0,1.0,1.0,0.5,0.0
0.5754558096932064,0.0,1.0,1.0,1.0,1.0,1.0,1.0,1.0,1.0,1.0
0.5591221130552032,0.0,0.5,0.0,0.0,0.5,0.0,0.0,0.0,0.5,0.0
0.29030496130521866,0.0,1.0,1.0,1.0,1.0,1.0,1.0,1.0,0.0,1.0
0.37720030982191377,1.0,0.0,0.5,0.0,0.5,0.5,0.0,0.0,0.5,0.3333333333333333
0.7214175706255076,0.5,0.5,0.5,0.5,0.5,0.5,0.5,0.5,0.5,1.0
0.31035954693649237,0.0,1.0,1.0,1.0,1.0,1.0,1.0,1.0,0.5,1.0
0.23961901974196853,0.0,0.5,0.5,0.0,0.5,0.5,0.5,0.5,0.5,1.0
0.8240056970072913,0.0,0.5,0.5,0.5,0.5,0.0,0.5,0.5,0.5,1.0
0.8446443463278778,0.0,0.0,0.0,0.5,0.5,0.0,0.0,0.0,1.0,1.0
0.5942673755215535,1.0,0.0,0.5,0.5,0.5,0.0,0.5,0.5,0.0,0.3333333333333333
0.30581147963024463,0.0,0.5,0.5,0.0,0.5,0.5,0.5,0.5,0.5,0.6666666666666666
0.7368559513439583,1.0,0.0,0.5,0.5,0.0,0.5,0.0,0.0,0.0,0.3333333333333333
0.20677685026307796,0.0,0.0,0.5,0.0,0.5,0.5,0.5,0.5,0.5,1.0
0.5463469093759593,0.0,1.0,1.0,1.0,1.0,1.0,1.0,1.0,1.0,0.0
0.699827615744794,0.5,0.0,0.0,0.5,0.0,0.0,0.5,0.5,0.0,0.6666666666666666
0.2405003211995883,0.0,0.5,0.5,0.0,0.5,0.5,0.5,0.5,0.5,0.6666666666666666
0.4042500637217913,0.0,1.0,1.0,1.0,1.0,1.0,1.0,1.0,0.5,0.0
0.6619701695404201,1.0,0.0,0.5,0.0,0.0,0.5,0.0,0.0,0.5,0.6666666666666666
0.44958573612415265,0.0,1.0,1.0,1.0,1.0,1.0,1.0,1.0,0.0,0.3333333333333333
0.43722345929446393,0.0,0.5,0.5,0.0,0.0,0.0,0.5,0.0,0.5,0.6666666666666666
0.5497613333835114,0.0,1.0,1.0,1.0,1.0,1.0,1.0,1.0,1.0,0.0
0.4592671740979082,0.0,0.5,0.5,0.0,0.5,0.5,0.0,0.0,0.5,0.6666666666666666
0.5785461879097934,0.5,1.0,1.0,1.0,1.0,1.0,1.0,1.0,0.0,0.0
0.2675797826373591,0.0,1.0,1.0,1.0,1.0,1.0,1.0,1.0,0.0,0.6666666666666666
0.39247724032810916,0.0,1.0,1.0,1.0,1.0,1.0,1.0,1.0,0.5,0.3333333333333333
0.7544082243214808,0.5,0.5,0.0,0.5,0.0,0.0,0.0,0.5,0.5,0.0
0.9138564923107197,0.5,0.0,0.0,0.5,0.0,0.0,0.0,0.0,1.0,0.3333333333333333
0.15532002430619524,0.0,1.0,1.0,1.0,1.0,1.0,1.0,1.0,0.5,1.0
0.7600138255052333,0.0,0.5,0.5,0.5,0.5,0.5,0.0,0.5,0.5,1.0
0.15723458976729043,0.0,1.0,1.0,1.0,1.0,1.0,1.0,1.0,0.5,1.0
0.5196669273450056,0.5,0.0,0.5,0.0,0.5,0.0,0.0,0.0,0.0,1.0
0.36728128672878124,0.0,0.5,0.0,0.0,0.5,0.0,0.0,0.5,0.5,1.0
0.6683697121153809,0.5,0.0,0.5,0.0,0.5,0.5,0.0,0.0,0.0,0.3333333333333333
0.9447847343469101,0.5,0.5,0.5,0.5,0.0,0.0,0.0,0.0,1.0,0.0
0.7125791986819517,0.0,0.0,0.5,0.5,0.0,0.0,0.0,0.0,1.0,0.3333333333333333
0.15349900205314293,0.0,1.0,1.0,1.0,1.0,1.0,1.0,1.0,0.5,1.0
0.4327486689719358,1.0,0.0,0.5,0.0,0.0,0.5,0.0,0.5,0.0,0.6666666666666666
0.23850713952495028,0.0,0.5,0.5,0.0,0.5,0.5,0.5,0.5,0.5,0.6666666666666666
0.2570216189770829,0.0,0.0,0.5,0.0,0.5,0.5,0.5,0.5,0.5,0.0
0.498099393168365,0.0,1.0,1.0,1.0,1.0,1.0,1.0,1.0,0.0,1.0
0.40221933866593257,0.0,1.0,1.0,1.0,1.0,1.0,1.0,1.0,1.0,0.3333333333333333
0.28025112545056524,0.0,0.0,0.5,0.5,0.5,0.5,0.5,0.5,0.5,0.3333333333333333
0.15448486895188157,0.0,1.0,1.0,1.0,1.0,1.0,1.0,1.0,0.5,1.0
0.9581147751959429,0.0,0.5,0.0,0.0,0.0,0.0,0.0,0.0,1.0,0.3333333333333333
0.7356240089090842,0.0,0.5,0.5,0.0,0.0,0.0,0.0,0.0,0.5,0.6666666666666666
0.5049093044929533,0.0,1.0,1.0,1.0,1.0,1.0,1.0,1.0,0.0,1.0
0.24909383105237087,1.0,0.0,0.5,0.0,0.5,0.5,0.5,0.5,0.5,0.6666666666666666
0.7121500602131556,0.0,0.5,0.5,0.0,0.5,0.5,0.5,0.5,0.0,0.0
0.39924308320071045,0.5,0.5,0.5,0.0,0.5,0.5,0.5,0.0,0.5,0.6666666666666666
0.5316081640241969,0.0,1.0,1.0,1.0,1.0,1.0,1.0,1.0,1.0,0.0
0.7844860341343424,0.5,0.5,0.5,0.0,0.5,0.5,0.0,0.0,0.5,0.6666666666666666
0.3367917683522756,0.5,0.0,0.5,0.0,0.5,0.5,0.5,0.5,0.5,1.0
0.8056545252115687,0.0,0.0,0.0,0.5,0.0,0.0,0.5,0.5,1.0,1.0
0.2943528385956308,0.0,0.0,0.5,0.0,0.5,0.5,0.0,0.0,0.5,1.0
0.63936229174165,0.5,1.0,1.0,1.0,1.0,1.0,1.0,1.0,1.0,1.0
0.32812027365917507,1.0,0.0,0.5,0.0,0.5,0.5,0.5,0.5,0.5,0.0
0.893998074072617,0.5,0.5,0.5,0.0,0.0,0.5,0.0,0.0,0.5,0.6666666666666666
0.532390422355204,1.0,0.0,0.5,0.0,0.5,0.5,0.5,0.5,0.0,0.3333333333333333
0.5323164379062401,0.0,0.5,0.5,0.0,0.5,0.5,0.5,0.0,0.5,0.0
0.844696862667134,0.5,0.0,0.0,0.5,0.5,0.0,0.5,0.5,0.0,0.3333333333333333
0.8359079594858019,1.0,0.0,0.0,0.5,0.0,0.0,0.0,0.0,1.0,0.0
0.9118896497715692,0.5,0.0,0.0,0.5,0.0,0.0,0.0,0.0,1.0,0.3333333333333333
0.1561463063723496,0.0,1.0,1.0,1.0,1.0,1.0,1.0,1.0,0.5,1.0
0.9794008566953967,0.5,0.5,0.0,0.0,0.0,0.0,0.0,0.0,1.0,0.0
0.8774519656358852,0.0,0.0,0.0,0.0,0.5,0.0,0.0,0.0,1.0,0.3333333333333333
0.38536085267314035,0.0,1.0,1.0,1.0,1.0,1.0,1.0,1.0,0.5,1.0
0.15406389303012175,0.0,1.0,1.0,1.0,1.0,1.0,1.0,1.0,0.5,1.0
0.4436081299273316,0.5,0.5,0.5,0.0,0.5,0.5,0.5,0.5,0.5,0.6666666666666666
0.5932702556832324,0.5,0.5,0.0,0.5,0.0,0.5,0.5,0.5,0.5,0.6666666666666666
0.15723458976729043,0.0,1.0,1.0,1.0,1.0,1.0,1.0,1.0,0.5,1.0
0.33544686817112024,0.5,1.0,1.0,1.0,1.0,1.0,1.0,1.0,0.0,1.0
0.5994335117637891,0.0,1.0,1.0,1.0,1.0,1.0,1.0,1.0,1.0,0.3333333333333333
0.8832697200305982,0.0,0.5,0.5,0.5,0.0,0.0,0.0,0.5,0.5,0.3333333333333333
0.6120471966657725,0.5,0.5,0.5,0.5,0.0,0.5,0.0,0.0,0.5,0.6666666666666666
0.8502328097920485,0.5,0.5,0.0,0.5,0.0,0.5,0.0,0.0,0.0,0.3333333333333333
0.7908557691162155,0.5,0.5,0.5,0.0,0.5,0.5,0.0,0.0,0.5,0.0
0.8532689326787725,0.5,0.5,0.0,0.5,0.5,0.5,0.5,0.5,0.5,0.6666666666666666
0.9803319142971335,0.5,0.5,0.0,0.5,0.0,0.0,0.0,0.0,1.0,0.3333333333333333
0.9667345315014352,0.5,0.5,0.5,0.5,0.0,0.0,0.0,0.0,1.0,0.3333333333333333
0.3461516132255253,0.0,1.0,1.0,1.0,1.0,1.0,1.0,1.0,1.0,1.0
0.8915425581845542,0.5,0.5,0.0,0.5,0.0,0.5,0.5,0.5,0.0,0.6666666666666666
0.5949938272166009,1.0,0.0,0.5,0.5,0.5,0.5,0.5,0.5,0.0,0.0
0.8718875871716961,0.5,0.0,0.0,0.0,0.0,0.0,0.5,0.0,1.0,0.3333333333333333
0.23817131577294326,0.0,0.5,0.5,0.0,0.5,0.5,0.5,0.5,0.5,1.0
0.8448093688051416,0.5,0.5,0.0,0.0,0.0,0.5,0.0,0.5,0.5,0.0
0.6567294423685394,0.0,0.5,0.5,0.5,0.5,0.0,0.0,0.0,0.5,0.0
0.9140759211248671,0.5,0.5,0.5,0.5,0.0,0.0,0.0,0.0,1.0,0.6666666666666666
0.8894709440832637,0.5,0.0,0.0,0.5,0.0,0.0,0.5,0.0,1.0,0.0
0.9657138375826174,0.5,0.5,0.0,0.5,0.0,0.5,0.0,0.0,1.0,0.0
0.9206927052790016,0.5,0.0,0.0,0.5,0.0,0.0,0.0,0.0,1.0,0.3333333333333333
0.4963918293474829,0.0,1.0,1.0,1.0,1.0,1.0,1.0,1.0,0.0,0.0
0.9638809991259258,0.5,0.5,0.0,0.0,0.0,0.5,0.0,0.0,1.0,0.0
0.7645252040779655,1.0,0.0,0.0,0.5,0.0,0.0,0.0,0.0,1.0,0.3333333333333333
0.9414488467812404,0.5,0.5,0.0,0.5,0.0,0.0,0.0,0.0,0.0,1.0
0.35565586890088563,0.0,0.5,0.0,0.5,0.5,0.5,0.5,0.5,0.5,0.6666666666666666
0.3820911212613589,0.0,1.0,1.0,1.0,1.0,1.0,1.0,1.0,0.5,1.0
0.9213795324437734,0.5,0.0,0.0,0.5,0.0,0.0,0.0,0.0,1.0,0.0
0.6654737184263361,0.5,0.5,0.5,0.5,0.0,0.5,0.5,0.5,0.5,0.0
0.4142938780328526,0.0,1.0,1.0,1.0,1.0,1.0,1.0,1.0,0.0,1.0
0.830908337033868,1.0,0.0,0.0,0.5,0.0,0.0,0.0,0.0,1.0,0.3333333333333333
0.550018856789222,0.5,0.5,0.5,0.0,0.5,0.5,0.0,0.5,0.5,0.6666666666666666
0.5526522669053369,0.5,0.0,0.5,0.5,0.0,0.0,0.5,0.5,0.5,1.0
0.15655618861310533,0.0,1.0,1.0,1.0,1.0,1.0,1.0,1.0,0.5,0.0
0.7382888524506195,0.0,0.5,0.5,0.5,0.0,0.5,0.0,0.0,0.5,0.0
0.4564509409820966,0.0,1.0,1.0,1.0,1.0,1.0,1.0,1.0,0.0,0.0
0.5255574196026892,0.5,0.5,0.5,0.0,0.5,0.5,0.5,0.0,0.5,0.3333333333333333
0.6783918249317992,0.0,0.5,0.5,0.5,0.0,0.5,0.5,0.0,0.5,0.0
0.5946339888240534,0.5,1.0,1.0,1.0,1.0,1.0,1.0,1.0,1.0,1.0
0.4475685896900221,0.0,0.5,0.5,0.0,0.5,0.5,0.0,0.5,0.5,1.0
0.5464238866707188,0.0,1.0,1.0,1.0,1.0,1.0,1.0,1.0,1.0,1.0
0.8695464598156295,0.5,0.0,0.5,0.5,0.0,0.5,0.0,0.0,1.0,0.0
0.24017067730952496,0.0,0.5,0.5,0.0,0.5,0.5,0.5,0.5,0.5,1.0
0.7430241828944876,0.5,0.0,0.5,0.0,0.0,0.5,0.0,0.0,0.5,0.6666666666666666
0.9083084439072303,0.5,0.0,0.5,0.5,0.0,0.0,0.0,0.0,1.0,0.0
0.34619892895386245,0.0,1.0,1.0,1.0,1.0,1.0,1.0,1.0,0.0,1.0
0.5943544207146814,1.0,0.0,0.5,0.0,0.5,0.0,0.0,0.5,0.0,1.0
0.7244105107352456,0.5,0.5,0.0,0.5,0.0,0.5,0.5,0.5,0.5,0.3333333333333333
0.1778702128125681,1.0,0.0,0.5,0.0,0.5,0.0,0.5,0.5,0.5,1.0
0.7247539342044406,0.0,0.0,0.5,0.0,0.0,0.0,0.5,0.0,1.0,0.3333333333333333
0.7272496964579693,1.0,0.0,0.5,0.0,0.0,0.5,0.5,0.0,0.5,0.0
0.6966678861624317,0.5,0.5,0.5,0.5,0.5,0.5,0.0,0.0,0.5,0.0
0.39501092230045043,0.5,0.5,0.0,0.0,0.5,0.5,0.0,0.0,0.5,0.6666666666666666
0.37785362497273345,0.0,0.0,0.0,0.0,0.0,0.5,0.5,0.5,0.5,0.3333333333333333
0.7969456193522862,0.5,0.5,0.5,0.5,0.0,0.5,0.5,0.5,0.5,0.0
0.3840573523923278,0.0,0.5,0.5,0.0,0.5,0.5,0.5,0.5,0.5,0.6666666666666666
0.5497992236202733,0.0,0.0,0.5,0.0,0.0,0.0,0.5,0.5,0.5,0.3333333333333333
0.898837311858286,0.5,0.5,0.0,0.5,0.0,0.0,0.0,0.5,0.5,0.6666666666666666
0.4324867457618575,0.0,1.0,1.0,1.0,1.0,1.0,1.0,1.0,0.0,0.3333333333333333
0.8806313160024973,0.5,0.5,0.5,0.5,0.5,0.5,0.0,0.0,0.0,0.6666666666666666
0.6337452340909826,0.5,1.0,1.0,1.0,1.0,1.0,1.0,1.0,1.0,0.0
